0.000000000000000000e+00
2.812774184912863462e-01
6.372158817379345308e-01
1.051358195526369110e+00
1.440498073446695004e+00
1.879604810681295923e+00
2.357771986058334601e+00
2.870922983402200312e+00
3.416562070714018073e+00
3.900921481689683556e+00
4.395630454203974580e+00
4.923973760318728132e+00
5.478831684142260627e+00
6.051942495052085924e+00
6.633977382097879349e+00
7.214647239207865326e+00
7.782922638365305623e+00
8.328039859724288618e+00
8.843426092274581762e+00
9.310148280116985475e+00
9.713140209849129292e+00
1.004817585024505178e+01
1.030734027444361622e+01
1.048397070775777351e+01
1.057345231974263555e+01
1.057341890854111277e+01
1.048387733320956805e+01
1.030718330734480404e+01
1.004795155041119692e+01
9.712844421718113352e+00
9.309778953502840793e+00
8.843055789214199436e+00
8.327696849881670360e+00
7.782538016587629670e+00
7.214221690313579849e+00
6.633514787189906059e+00
6.051450812318214467e+00
5.478307853803493721e+00
4.923430045994914295e+00
4.395075419029428332e+00
3.900362369225540249e+00
3.395340797262778487e+00
2.848314288495422897e+00
2.333572045278985208e+00
1.852549593156568530e+00
1.395589525299666400e+00
8.679147031817978641e-01
4.256184751744855888e-01
5.653749620635271922e-02
0.000000000000000000e+00
