0.000000000000000000e+00
1.018259587926074072e+00
2.614528866430164467e+00
3.922277344665420884e+00
5.221628252802456238e+00
6.566861982055012703e+00
7.971373223259086593e+00
9.271059316761105507e+00
1.027253392870482074e+01
1.081362702934637454e+01
1.081356309045799868e+01
1.027241199071574940e+01
9.266883652979444719e+00
7.794884740893095909e+00
6.057555368356353220e+00
4.150970179302932550e+00
2.073316593626474358e+00
9.069617059141843463e-01
2.018194703949350299e-01
0.000000000000000000e+00
