0.000000000000000000e+00
1.589306220075288878e-01
3.417496033901915031e-01
5.302823565838660214e-01
7.613576751024982991e-01
1.050243414577616941e+00
1.396272428331813087e+00
1.797498091686529964e+00
2.251896138208253628e+00
2.754250802128195286e+00
3.300072595165508993e+00
3.882996937349213251e+00
4.495170900805023351e+00
5.127481781166525643e+00
5.769633607884032678e+00
6.410278442812252564e+00
7.037246946721505303e+00
7.638672344404128012e+00
8.207345989464783997e+00
8.722312026574062571e+00
9.166908350525119431e+00
9.536522494040033493e+00
9.822426660046154723e+00
1.001726844887413215e+01
1.011595478782256485e+01
1.011587662488159545e+01
1.001703614633159312e+01
9.822034406113315796e+00
9.535962074622768014e+00
9.166169437798506792e+00
8.721395577573327174e+00
8.206419971122913992e+00
7.637803599265276411e+00
7.036285809116272105e+00
6.409215115441709187e+00
5.768477427433269966e+00
5.126246200920257401e+00
4.493865583801677666e+00
3.881641226073619944e+00
3.298685821138173324e+00
2.752853869831661804e+00
2.250085209601174974e+00
1.795724293654344050e+00
1.394583181493122215e+00
1.048350308580874524e+00
7.593498071227778867e-01
5.282869536921351861e-01
3.346510823305686166e-01
1.113794506825740160e-01
0.000000000000000000e+00
