0.000000000000000000e+00
2.135444104864151760e-01
7.702330658105286387e-01
1.443452998686139965e+00
2.133786067055220670e+00
2.918447838266509109e+00
3.792393456785490446e+00
4.735802784538675425e+00
5.720062290933723759e+00
6.716832714029287388e+00
7.659815270012477306e+00
8.540690081036762749e+00
9.522066636311665278e+00
1.011042842216816773e+01
1.052276609905817928e+01
1.073601183828553296e+01
1.073599151033516286e+01
1.052277038875727122e+01
1.011023382266522752e+01
9.508376562551191569e+00
8.632852487845781297e+00
7.690403374270792902e+00
6.714380795687268311e+00
5.717300260150340208e+00
4.734762992880696686e+00
3.791346125387121901e+00
2.746206206921359083e+00
1.760146109548543558e+00
9.761826025012230179e-01
3.188887896297123437e-01
7.596920033961650220e-02
0.000000000000000000e+00
