0.000000000000000000e+00
3.940408457796907293e-01
9.568982419061985434e-01
1.413194977882604286e+00
1.805293537975790397e+00
2.254647432874860247e+00
2.747372437154582681e+00
3.278718783201306053e+00
3.832740821664882169e+00
4.312659795569100396e+00
4.832431729568993362e+00
5.384918004544472225e+00
5.961640341539474974e+00
6.552847241759910624e+00
7.147594141135221513e+00
7.733963020479677652e+00
8.299578177426260694e+00
8.835867467220236193e+00
9.327427486855954797e+00
9.752979417031973242e+00
1.010735376771050831e+01
1.038221485802479194e+01
1.056990585066782629e+01
1.066510555985280817e+01
1.066507889649493457e+01
1.056983619226918769e+01
1.038209824010854199e+01
1.010718683337508139e+01
9.752758963992343766e+00
9.327147301349420161e+00
8.835567489826566145e+00
8.295564762696326255e+00
7.733678685019536481e+00
7.147280389610489060e+00
6.552509408398608848e+00
5.961281624095364329e+00
5.384533607043596959e+00
4.832039673038938332e+00
4.312262192857368781e+00
3.814843481401226644e+00
3.238026794210467241e+00
2.614310592499381691e+00
1.864525790934972838e+00
1.238812513066376741e+00
6.500785906978833184e-01
1.787661328127018168e-01
4.318466896282392720e-02
0.000000000000000000e+00
