0.000000000000000000e+00
5.306059087799266383e-01
1.484155434099052817e+00
2.079288102744582645e+00
2.690581521354209915e+00
3.395524701139551738e+00
4.149172357858028626e+00
4.829601328637405544e+00
5.575893069415643666e+00
6.366466202820648235e+00
7.175206687813177275e+00
7.972135590502631430e+00
8.728273290662027506e+00
9.411194110425022075e+00
9.975832888573627599e+00
1.039979608854175375e+01
1.066366383231022041e+01
1.075322874994306588e+01
1.066360603348269542e+01
1.039969221417633349e+01
9.975674338559503695e+00
9.411052221720339617e+00
8.728054651224034899e+00
7.969806540910054693e+00
7.174954311116609418e+00
6.366195839998058936e+00
5.575580829563266505e+00
4.829283830835175984e+00
3.927648293238438892e+00
2.785757471960179643e+00
1.811022182635266820e+00
7.577094927063191543e-01
3.043591506298695681e-01
7.256586355234294350e-02
0.000000000000000000e+00
