0.000000000000000000e+00
6.719649782590614295e-01
1.844729897031495591e+00
2.658474897353461319e+00
3.512554310278269920e+00
4.451320272451349425e+00
5.337503734877887318e+00
6.308704365603236219e+00
7.316099087480961494e+00
8.302278795845166925e+00
9.208543022729832828e+00
9.957128025689250705e+00
1.048858767974669526e+01
1.076595619366127643e+01
1.076591331578274868e+01
1.048849995685936420e+01
9.957030726165532641e+00
9.208675040653746535e+00
8.293735524690871941e+00
7.315889531914372412e+00
6.308471412062380601e+00
5.286074058744596016e+00
3.833300134839316087e+00
2.518387308013292358e+00
1.128379389956861045e+00
4.602894769879746217e-01
1.059886605543463173e-01
0.000000000000000000e+00
