0.000000000000000000e+00
3.666918855101965469e-01
7.611461990077753592e-01
9.439066723182719665e-01
1.168390597957673860e+00
1.448996474600018125e+00
1.785122861086249957e+00
2.174872717382831055e+00
2.616279188778766862e+00
3.104285896617463347e+00
3.634504976648598618e+00
4.200767727481191649e+00
4.795445171923720551e+00
5.409684589055744119e+00
6.033484656997572415e+00
6.655821167963815732e+00
7.264872632928524254e+00
7.849109366573251201e+00
8.401517008200141134e+00
8.901756427087242685e+00
9.333652112304404724e+00
9.692710145159262325e+00
9.970451071760844997e+00
1.015973296873814391e+01
1.025560868942990744e+01
1.025554367903212949e+01
1.015954090386544095e+01
9.970126892639878946e+00
9.692246969759535702e+00
9.333041394078994912e+00
8.899230369808208252e+00
8.398848135047817465e+00
7.848392302528546693e+00
7.264078319105212067e+00
6.654942400810202052e+00
6.032529183081951629e+00
5.408664027838540278e+00
4.794366166811029117e+00
4.199647141575007403e+00
3.633358946243011811e+00
3.103131479135323723e+00
2.614781582189770415e+00
2.173405860424042491e+00
1.783725997682709563e+00
1.447430740032924934e+00
1.166089520246445188e+00
9.214687232122208416e-01
3.770615161840438212e-01
8.742584130898835293e-02
0.000000000000000000e+00
