0.000000000000000000e+00
9.281738528550714795e-01
2.361877324045092763e+00
3.505250883553665542e+00
4.699827956457795608e+00
5.861225267778461756e+00
7.128340139477121085e+00
8.388487384444959005e+00
9.513353347025743645e+00
1.035376045771314146e+01
1.080149166246938108e+01
1.080143473115927222e+01
1.035365280411687117e+01
9.513162636696732122e+00
8.374763046989400550e+00
7.067939380507154645e+00
5.349837081562340835e+00
3.617135324335758906e+00
1.770786775655733836e+00
7.345341299074670260e-01
1.652510557726920015e-01
0.000000000000000000e+00
