0.000000000000000000e+00
2.474740219841861655e-01
5.365400114962560751e-01
9.230009884615992810e-01
1.309301313570489622e+00
1.750092054565032029e+00
2.231869829808314609e+00
2.750323681682204313e+00
3.301476833270333255e+00
3.789380624728420077e+00
4.289061583038287218e+00
4.822714160667329608e+00
5.383147404931259317e+00
5.962016960066675253e+00
6.549899486499263901e+00
7.136403260736116749e+00
7.710387876617449621e+00
8.260982542291277042e+00
8.781552393066020201e+00
9.252967537909249529e+00
9.660006393002760205e+00
9.998405398377814279e+00
1.026017068154385825e+01
1.043857236275240119e+01
1.052894905167681827e+01
1.052891120579125150e+01
1.043846474981147665e+01
1.025998954532611762e+01
9.998146571061916177e+00
9.659665083728292245e+00
9.252542188134212253e+00
8.781124976530580994e+00
8.260585185708748668e+00
7.709944050215653100e+00
7.135912223992512793e+00
6.549365671653380794e+00
5.961448695618725147e+00
5.382543463828531216e+00
4.822087190553012270e+00
4.288421189727393390e+00
3.788735538758881027e+00
3.277884761514278100e+00
2.725760173242914863e+00
2.206539172020628214e+00
1.723855833057657438e+00
1.279766036007438768e+00
8.859022922640560349e-01
4.642016287704819888e-01
1.543787534021722474e-01
0.000000000000000000e+00
