0.000000000000000000e+00
4.639912540453915990e-01
1.185938894101387531e+00
1.672869501243918089e+00
2.140588815506668574e+00
2.682058372236168164e+00
3.277386978377824889e+00
3.912928058894198369e+00
4.464589272016779020e+00
5.066769723505764489e+00
5.708286344485931529e+00
6.375686011761237282e+00
7.053398871409536142e+00
7.724009287397899826e+00
8.369411129924461790e+00
8.975666392530863291e+00
9.516722812710252555e+00
9.968954645291635330e+00
1.032290215704627023e+01
1.056642606564797227e+01
1.069050798885831632e+01
1.069047851738745969e+01
1.056635212828695458e+01
1.032277824624405227e+01
9.968776195248160832e+00
9.516487630430347622e+00
8.975393926377371656e+00
8.368613098534938288e+00
7.723745326758406193e+00
7.053104761617103868e+00
6.375372433280695361e+00
5.707940823688778309e+00
5.066409772070650241e+00
4.464224376926695825e+00
3.867640843768950898e+00
3.053227958155125599e+00
2.166803952020886825e+00
1.418526276096186978e+00
6.467937664688157007e-01
2.148227916678941973e-01
5.026703525165526071e-02
0.000000000000000000e+00
