0.000000000000000000e+00
2.788573595631058111e-01
6.246715010136465462e-01
1.037579496177582827e+00
1.427056175972765129e+00
1.866622739801581332e+00
2.345276656439314156e+00
2.858942699323033132e+00
3.405122997888384351e+00
3.889817579023226113e+00
4.385021514537616127e+00
4.913893358940164546e+00
5.469306306724432964e+00
6.042990405664052211e+00
6.625607423057301659e+00
7.206858046772277149e+00
7.775701798473416915e+00
8.321364304399528677e+00
8.837266566885823238e+00
9.304455939149473664e+00
9.707850740876269313e+00
1.004322120197194401e+01
1.030264453934555213e+01
1.047945129750451621e+01
1.056902201006262132e+01
1.056898815881615405e+01
1.047935649778986544e+01
1.030248515172784529e+01
1.004299344430017982e+01
9.707550393994683446e+00
9.304081006751145466e+00
8.836890543436878076e+00
8.321015843119491606e+00
7.775311247821568017e+00
7.206425940046338852e+00
6.625137696330681614e+00
6.042491049309196782e+00
5.468774457780690490e+00
4.913341310817995300e+00
4.384457933184566336e+00
3.889249859022387845e+00
3.383667282879062377e+00
2.836140515938078810e+00
2.320962070832068402e+00
1.839593514407454000e+00
1.387036372923802663e+00
8.713125939692315525e-01
4.294249983273955018e-01
6.601408666830350935e-02
0.000000000000000000e+00
