0.000000000000000000e+00
6.083432077509091096e-01
1.726926941022382644e+00
2.466729682425621295e+00
3.237791626191409033e+00
4.120862722541485113e+00
4.927635888240641471e+00
5.804021191474472374e+00
6.733703740440695640e+00
7.672977039833848600e+00
8.574165563545735225e+00
9.388173363655267778e+00
1.004889059552024300e+01
1.051457597549368828e+01
1.075632946258746081e+01
1.075628997959680078e+01
1.051449256166064394e+01
1.004875604000998557e+01
9.388025940343867504e+00
8.572049640781921553e+00
7.672765829675247673e+00
6.733478967987728936e+00
5.803746755245655642e+00
4.838962294797060970e+00
3.474079815912053615e+00
2.271637780775101589e+00
9.792463263724517919e-01
4.061710000320319924e-01
9.490147017847720690e-02
0.000000000000000000e+00
