0.000000000000000000e+00
4.258490733698074293e-01
1.065449456871882417e+00
1.536017496369900259e+00
1.960815668554278579e+00
2.451711323623136263e+00
2.990428009579478186e+00
3.572210076177099847e+00
4.123336981897129938e+00
4.659885590505619568e+00
5.236937264705086470e+00
5.844761377938551661e+00
6.471938140601099398e+00
7.105473760859761789e+00
7.731044140871081716e+00
8.333957919695201610e+00
8.903790633777221686e+00
9.418438805953764259e+00
9.857300231799017709e+00
1.021335667131276104e+01
1.047617762662807905e+01
1.063736106489326794e+01
1.069166406379485856e+01
1.063731058741723956e+01
1.047608271650907774e+01
1.021321119637967101e+01
9.857100749487798907e+00
9.418230833378736122e+00
8.903690823420426170e+00
8.330944187783030586e+00
7.730770403216920883e+00
7.105170157649632223e+00
6.471612803759786203e+00
5.844410358858438848e+00
5.236564931421450630e+00
4.659507290820684489e+00
4.122955807095110004e+00
3.525160470579414618e+00
2.795305031191376521e+00
1.984718595149958409e+00
1.309234047948760526e+00
6.343640885086017089e-01
1.930320163642876841e-01
4.412429473990638756e-02
0.000000000000000000e+00
