0.000000000000000000e+00
9.270214354418233604e-01
2.350701326810370251e+00
3.495130776881930412e+00
4.690443988010193799e+00
5.852899508056868427e+00
7.121168908409476472e+00
8.382464163984236549e+00
9.508354873944982799e+00
1.034952765575551581e+01
1.079766661696357843e+01
1.079760958939081483e+01
1.034941953835746098e+01
9.508163549369914591e+00
8.368843366283382323e+00
7.066976570431657834e+00
5.349274226334728155e+00
3.617699996287732311e+00
1.771933572402158097e+00
7.330245954648457740e-01
1.652920211114024818e-01
0.000000000000000000e+00
