0.000000000000000000e+00
1.675213174716056186e-01
3.564303790280159423e-01
5.447459331068544852e-01
7.755903113819329064e-01
1.064186402288810118e+00
1.409869088200872422e+00
1.810693455330135482e+00
2.264637222434588093e+00
2.766490229953495472e+00
3.311766450662697370e+00
3.894108202342106306e+00
4.505670386160510077e+00
5.137349387318503879e+00
5.778859536269310482e+00
6.418864214443186889e+00
7.045206244934820283e+00
7.646030631600313043e+00
8.214135467945553160e+00
8.728586541253298137e+00
9.172738805230586934e+00
9.541983879388176604e+00
9.827602646222803884e+00
1.002225006688646047e+01
1.012083817241987127e+01
1.012076051741942528e+01
1.002201931564825443e+01
9.827213016452992278e+00
9.541427208456353171e+00
9.172004833892481557e+00
8.727676202824902418e+00
8.213215645339971616e+00
7.645167731653606857e+00
7.044251538305720928e+00
6.417808001838887222e+00
5.777711093036518974e+00
5.136122094963339713e+00
4.504373794303195844e+00
3.892761555953503372e+00
3.310388957732751880e+00
2.765102647136079117e+00
2.262838364443747086e+00
1.808931482205059948e+00
1.408191105610324456e+00
1.062305899205040927e+00
7.735954869141112855e-01
5.427667937224335271e-01
3.491535430292481701e-01
1.105465809131606497e-01
0.000000000000000000e+00
