0.000000000000000000e+00
4.829324690065302517e-01
1.263126108125490310e+00
1.790323145768278446e+00
2.291396050390596795e+00
2.870707722914293214e+00
3.508176349453311804e+00
4.147963790615204260e+00
4.747240788440545423e+00
5.397356354195873784e+00
6.084206879984636274e+00
6.791012809291364860e+00
7.498543889132852414e+00
8.185928899783188939e+00
8.835660976877813155e+00
9.422711450211570750e+00
9.915933372407446100e+00
1.030315803513182260e+01
1.057046079158699925e+01
1.070693116255103838e+01
1.070690089092029673e+01
1.057038663797235856e+01
1.030303377320633729e+01
9.915754427443197017e+00
9.422545451483287593e+00
8.835551806542468967e+00
8.179066547294883804e+00
7.498281486583044497e+00
6.790724956421692049e+00
6.083897221334033212e+00
5.397015310406864330e+00
4.746895642449350028e+00
4.138653272457177401e+00
3.248464311127067905e+00
2.304691478772490587e+00
1.499128670080567272e+00
6.384585679439100936e-01
2.379858581009647034e-01
5.276617460540652949e-02
0.000000000000000000e+00
