0.000000000000000000e+00
4.474307711813022559e-01
2.118650469114215618e+00
2.813956622580621847e+00
3.037840334255910157e+00
3.312961921476371252e+00
3.637410520086840737e+00
4.009311397747186589e+00
4.424608316756728499e+00
4.880232287326995433e+00
5.371005827401524435e+00
5.890715293825723009e+00
6.432008697745043690e+00
6.986554275276859016e+00
7.545037954072276065e+00
8.097242454769009612e+00
8.632638006265993980e+00
9.154325768913023964e+00
9.659345650699725283e+00
1.008202648317962513e+01
1.043292437324246791e+01
1.071590193517602430e+01
1.092363711623581324e+01
1.105054887993126833e+01
1.109312623174342605e+01
1.105021349488373872e+01
1.092300925650408239e+01
1.071494328913633254e+01
1.043161616126331026e+01
1.008036141387101559e+01
9.657856564236004360e+00
9.151134778004690773e+00
8.630439258116568979e+00
8.094728291324370772e+00
7.542255963917803285e+00
6.983562454853029955e+00
6.428790260997445216e+00
5.887316028492268316e+00
5.367546168887860070e+00
4.876755221822278941e+00
4.421193403816279677e+00
3.695595517182421297e+00
2.514739387798345938e+00
1.671043774473476518e+00
9.703942674345718000e-01
4.907687626566046846e-01
1.620171776468573577e-01
6.403962251217182322e-02
0.000000000000000000e+00
