0.000000000000000000e+00
4.693556208485269998e-01
1.526905583738505712e+00
1.696654531205908256e+00
1.908785604540472969e+00
2.174219692277739480e+00
2.492299923352665036e+00
2.861173079078718207e+00
3.278948953597738303e+00
3.740866605662056532e+00
4.242710080419588969e+00
4.778671905668668174e+00
5.341530124370367894e+00
5.922904411387545309e+00
6.513330396306694858e+00
7.102371648708031060e+00
7.678839510120829104e+00
8.231816557216854235e+00
8.754640857176223534e+00
9.228097092404340174e+00
9.636896225434925967e+00
9.976758232682179539e+00
1.023965487132901764e+01
1.041882708186348339e+01
1.050959323346631180e+01
1.050955358042524779e+01
1.041871373511275145e+01
1.023946400975719229e+01
9.976485511677076090e+00
9.636536598399969122e+00
9.227649172896546403e+00
8.754190462048393684e+00
8.231397380297835298e+00
7.678371858360244495e+00
7.101854256811539479e+00
6.512767919570701558e+00
5.922305354546409717e+00
5.340893924159566097e+00
4.778011412371562017e+00
4.242035328330993948e+00
3.740186911955299287e+00
3.278061351435732629e+00
2.860299777756388551e+00
2.491460951401028634e+00
1.919540595094753277e+00
1.156726408519778593e+00
5.934110414879063544e-01
1.898100692979950155e-01
3.667193776212358119e-02
0.000000000000000000e+00
