0.000000000000000000e+00
5.824298365542984746e-01
1.666462971553672956e+00
2.373570218898438444e+00
3.108281912079855491e+00
3.951062828248508296e+00
4.740986541655908049e+00
5.573884172344624410e+00
6.465208309605691817e+00
7.377165005761002980e+00
8.266358418815201503e+00
9.091049765463148802e+00
9.795014794033727767e+00
1.032837283065232548e+01
1.066332470158243950e+01
1.077761515466182018e+01
1.066326271531248082e+01
1.032826518549535422e+01
9.794834700780398862e+00
9.090766831208533461e+00
8.254995584916080986e+00
7.376942842420504576e+00
6.464970270353858517e+00
5.573595449446414385e+00
4.637814126229732992e+00
3.318060354154147351e+00
2.165503863705996679e+00
9.177613714370776998e-01
3.844174607981323821e-01
8.852797873025437803e-02
0.000000000000000000e+00
