0.000000000000000000e+00
4.666227063884841320e-01
1.242759182079639313e+00
2.113023844616180646e+00
2.976894099623637047e+00
3.963448585039079486e+00
5.057408713672924883e+00
6.205458837972810393e+00
7.288174949299655481e+00
7.631401637356625578e+00
9.532659699761500960e+00
1.029425606169314555e+01
1.055936254123678353e+01
1.082067023920069460e+01
1.067946608985335821e+01
1.022018611037347036e+01
9.474415222075419862e+00
8.462456192309389280e+00
7.353599038059141613e+00
6.200972935229881244e+00
4.877050092349415777e+00
3.459842449301024025e+00
2.235659603769986070e+00
1.255730617973640717e+00
5.016353343786843499e-01
1.053551210120945991e-01
0.000000000000000000e+00
