0.000000000000000000e+00
2.436627571357660171e-01
1.122435323351058001e+00
1.460360738679309822e+00
1.709089017845207836e+00
2.014769454636078372e+00
2.375259728040012064e+00
2.788471231066249167e+00
3.249900591316570608e+00
3.756136120948327939e+00
4.301425257737694352e+00
4.878864086272049150e+00
5.480284329570222823e+00
6.096428545837992097e+00
6.716947915921740453e+00
7.330490588325576873e+00
7.925357200704524097e+00
8.504995765027675958e+00
9.066113438847379413e+00
9.535743147198367353e+00
9.925617536484100611e+00
1.024002710573001274e+01
1.047083638950139850e+01
1.061184428623834819e+01
1.065915004610182848e+01
1.061146940809440942e+01
1.047013389118960269e+01
1.023895450515166594e+01
9.924153825673950990e+00
9.533879945388859412e+00
9.064439908037337901e+00
8.501792061816253465e+00
7.922896677245369723e+00
7.327677659427474843e+00
6.713835354906348307e+00
6.093080794283287638e+00
5.476683457007954559e+00
4.875061391979160774e+00
4.297554590150218345e+00
3.752245995432788028e+00
3.246080015273543840e+00
2.762391649122226234e+00
2.051187073750524448e+00
1.400662628535913390e+00
8.494746026201577260e-01
4.536416162675214192e-01
1.800137562600259977e-01
7.109646809679960600e-02
0.000000000000000000e+00
