0.000000000000000000e+00
7.155499669959329845e-01
1.847405743895438324e+00
3.012662585644425572e+00
4.274876470883660851e+00
5.704740634641842334e+00
7.122064897544023943e+00
8.362538392297800272e+00
9.937650475667563654e+00
1.056195137872576773e+01
1.087858655574495970e+01
1.062950268053370984e+01
9.863649438442013917e+00
8.559866862791157160e+00
6.908915403832488700e+00
5.124559873693484313e+00
3.420360572439691715e+00
1.970849960819995861e+00
7.437656351429111634e-01
1.753772401177394746e-01
0.000000000000000000e+00
