0.000000000000000000e+00
4.838358827511662352e-01
1.253665503686838045e+00
1.778459253018102704e+00
2.279873892390978263e+00
2.859740099844012118e+00
3.497797517913922682e+00
4.137811740176983832e+00
4.737649386988605826e+00
5.388373110830302792e+00
6.075866203140262378e+00
6.783333302928758357e+00
7.491526216479980960e+00
8.179554261587778541e+00
8.829894574879881830e+00
9.417494184365375887e+00
9.911177218835723224e+00
1.029876399371094742e+01
1.056631667015918907e+01
1.070291454665061615e+01
1.070288412468803507e+01
1.056624196536036386e+01
1.029863878272942657e+01
9.910996904275867436e+00
9.417326096680893599e+00
8.829783031633146706e+00
8.173517857832496958e+00
7.491261819327945659e+00
6.783043221698757286e+00
6.075554125428259233e+00
5.388029586138493698e+00
4.737301643439232990e+00
4.129842493547966065e+00
3.249441917132373181e+00
2.305738713496535919e+00
1.501571601794369659e+00
6.451918572781365491e-01
2.370443403936604854e-01
5.282045996397392168e-02
0.000000000000000000e+00
