0.000000000000000000e+00
4.770693992589941645e-01
1.167858094608677844e+00
1.345912866374381345e+00
1.563786878718799844e+00
1.836337715369274592e+00
2.162845863231990240e+00
2.541447881280870291e+00
2.970234338417707676e+00
3.444304989015129159e+00
3.959367756760468815e+00
4.509445729903251987e+00
5.087127400414758860e+00
5.683812478047807204e+00
6.289786149555141037e+00
6.894338415235059969e+00
7.485985741431653295e+00
8.053525663301758897e+00
8.589757847812501623e+00
9.074691725373414286e+00
9.494825911903593152e+00
9.844429313257812453e+00
1.011424107432000774e+01
1.029812269110891343e+01
1.039126880512323758e+01
1.039121704990240325e+01
1.029797147950831437e+01
1.011398604941134494e+01
9.844064928387455282e+00
9.495144374385999342e+00
9.075161634011553957e+00
8.552829106749783250e+00
8.052962904633016450e+00
7.485360883217434314e+00
6.893647115469835107e+00
6.289034545397909071e+00
5.683010451682910080e+00
5.086278186461957063e+00
4.508563895077256412e+00
3.958466232486539838e+00
3.443396870282171562e+00
2.969055410679313667e+00
2.540293213219269930e+00
2.161746383717297881e+00
1.835105650735758598e+00
1.476175900200607849e+00
8.021920366799741853e-01
2.833673072179203611e-01
5.646040724268018562e-02
0.000000000000000000e+00
