0.000000000000000000e+00
6.028032313544845477e-01
1.656906567387764539e+00
2.364709577475206270e+00
3.098896260900287913e+00
3.942270510764519731e+00
4.730725785207581247e+00
5.564456420909553280e+00
6.456672499257360975e+00
7.369540891704784435e+00
8.259622840892619777e+00
9.085138429329383314e+00
9.789809219134649965e+00
1.032370018517974053e+01
1.065898598426564625e+01
1.077338992675012719e+01
1.065892216270288984e+01
1.032358811303428858e+01
9.789622925461721081e+00
9.084851175582997485e+00
8.251301825818032398e+00
7.369309539092562034e+00
6.456423728823346586e+00
5.564157188367074625e+00
4.651752875102737939e+00
3.320836915691004254e+00
2.168087794770776622e+00
9.437451613406404594e-01
3.779538522740726325e-01
9.036843391460394614e-02
0.000000000000000000e+00
