0.000000000000000000e+00
4.547859588358214578e-01
1.566481517183918148e+00
1.735934641937364686e+00
1.947440517730680165e+00
2.212087380193535235e+00
2.529226470552221162e+00
2.897009381422208651e+00
3.313551200669358821e+00
3.774106451896186432e+00
4.274468294698830384e+00
4.808847881927850842e+00
5.370044529140176159e+00
5.949702592828172598e+00
6.538385748050614232e+00
7.125688265445147884e+00
7.700454535649027932e+00
8.251799191377124032e+00
8.773079260092842446e+00
9.245137286151612344e+00
9.652730047331083085e+00
9.991589303381726239e+00
1.025371041811718875e+01
1.043235431042492678e+01
1.052285319985537093e+01
1.052281436859161268e+01
1.043224355363378741e+01
1.025352394753814700e+01
9.991322855440067485e+00
9.652378690926552096e+00
9.244699563783171925e+00
8.731087387545409584e+00
8.251389853746420755e+00
7.699997641229822776e+00
7.125182773272804582e+00
6.537836212335385255e+00
5.949117431695951197e+00
5.369422898603644079e+00
4.808202528387776731e+00
4.273809056716622479e+00
3.773442384835033803e+00
3.312682929661080689e+00
2.896154259759330607e+00
2.528403432716787691e+00
1.888453176954982604e+00
1.138912783209810264e+00
5.812474454995566475e-01
1.820186764182757100e-01
3.578773239326664413e-02
0.000000000000000000e+00
