0.000000000000000000e+00
3.117989744604006686e-01
1.442865484675663446e+00
1.747901011052813702e+00
2.056458864251039298e+00
2.437466964070681197e+00
2.887520528510087559e+00
3.401300104911605615e+00
3.972483592859333168e+00
4.593164827643786197e+00
5.252803274963175895e+00
5.938743355497473786e+00
6.636596998677853243e+00
7.330063331577264307e+00
8.002477250309121715e+00
8.654859139977522986e+00
9.261363109077123568e+00
9.757932740531716220e+00
1.015672946161211954e+01
1.045196988631550994e+01
1.063338284762393826e+01
1.069446610353146454e+01
1.063304848035454953e+01
1.045135558656596508e+01
1.015578684733845982e+01
9.756641542004631518e+00
9.260175286056963273e+00
8.652886746129397011e+00
8.000135963829137609e+00
7.327900681963300578e+00
6.634190308242332357e+00
5.936157944439195866e+00
5.249956319740209487e+00
4.590243734287008159e+00
3.969538910575006074e+00
3.394927632531647976e+00
2.538205278011799848e+00
1.728562887719579111e+00
1.049494633556695034e+00
5.462848665621151678e-01
2.156042973413359043e-01
7.916067358648688768e-02
0.000000000000000000e+00
