0.000000000000000000e+00
8.608971493711164991e-01
2.259470314419686154e+00
3.334420626390660836e+00
4.475214867113031403e+00
5.564706923342824574e+00
6.760920575501647711e+00
7.980739697388824716e+00
9.117433429478298379e+00
1.004205526187955577e+01
1.064096868844007382e+01
1.084914769145906810e+01
1.064089159494911563e+01
1.004203899746721085e+01
9.117621240099150981e+00
7.976542525652642546e+00
6.714602943217415465e+00
5.052573954685933622e+00
3.385597925498698313e+00
1.622039696488094096e+00
6.771005712464458481e-01
1.527072366832801509e-01
0.000000000000000000e+00
