0.000000000000000000e+00
4.185672573980677158e-01
1.021685917204696592e+00
1.493325511219253832e+00
1.906587380422047673e+00
2.383022556036734851e+00
2.905613904495751854e+00
3.469755178213910884e+00
4.020832475008615070e+00
4.537588232826592183e+00
5.094779286714357092e+00
5.683645617241817050e+00
6.293856580974814818e+00
6.913618015167239506e+00
7.529832505157767919e+00
8.128510466751288632e+00
8.698311552918095657e+00
9.225697536850526959e+00
9.684966615071514795e+00
1.006803336344122712e+01
1.036604305118455294e+01
1.056998552218308873e+01
1.067356447138127074e+01
1.067353685496615689e+01
1.056991409828230744e+01
1.036592342266736111e+01
1.006786181131198532e+01
9.684741727143340029e+00
9.225489199780620098e+00
8.698123961518760439e+00
8.125014419726710457e+00
7.529542769790946721e+00
6.913299646679123001e+00
6.293518533646484059e+00
5.683278587341576760e+00
5.094397749585274582e+00
4.537200205208823611e+00
4.020443098640448021e+00
3.426105474687818564e+00
2.740359125092178161e+00
1.942588926085149881e+00
1.291673066214261256e+00
6.475269167935596704e-01
1.881289709780723796e-01
4.899040671185549839e-02
0.000000000000000000e+00
