0.000000000000000000e+00
7.198637217306534941e-01
1.854007606915677675e+00
3.017657174277363463e+00
4.279737924118049541e+00
5.709616262464395575e+00
7.121784154999303951e+00
8.342064596032576773e+00
9.939698646192788090e+00
1.055840304649453998e+01
1.087647166899261109e+01
1.062838156912850884e+01
9.863410984148071492e+00
8.575064566714253544e+00
6.930963394924048337e+00
5.138753778872279021e+00
3.426706950777493432e+00
1.972219830211795477e+00
7.503750044749746273e-01
1.748942731782172633e-01
0.000000000000000000e+00
