0.000000000000000000e+00
4.615420106868772243e-01
1.538866936334436053e+00
1.709954802105349225e+00
1.921874009244730841e+00
2.187041102374400747e+00
2.504802421818124625e+00
2.873306313943127410e+00
3.290664294555750047e+00
3.752120786508494010e+00
4.253462611667250926e+00
4.788888736510363842e+00
5.351184401642789190e+00
5.931977632803397071e+00
6.521813564853571776e+00
7.110266151530262313e+00
7.686157925560771709e+00
8.238582299813529630e+00
8.760883689885677228e+00
9.233866482064877701e+00
9.642257218425420717e+00
9.981779779747638415e+00
1.024441390652611084e+01
1.042340730579537578e+01
1.051408303896843677e+01
1.051404373453026686e+01
1.042329506048295507e+01
1.024422491263156054e+01
9.981509726931072635e+00
9.641901109208001586e+00
9.233295086542044672e+00
8.718393554157563230e+00
8.238167309995082732e+00
7.685694849359981262e+00
7.109753821087090309e+00
6.521256592532363783e+00
5.931384487627581414e+00
5.350554397912109295e+00
4.788234682302373812e+00
4.252794458384441256e+00
3.751447739473590115e+00
3.289784902346953643e+00
2.872440721696164712e+00
2.503970182754260865e+00
1.901359358295126922e+00
1.150855748970984305e+00
5.895632600507658694e-01
1.840664687207196615e-01
3.629500668754250675e-02
0.000000000000000000e+00
