0.000000000000000000e+00
3.138379727404971842e-01
1.451492493647734916e+00
1.748568143109644923e+00
2.057321176690685149e+00
2.438525310288349957e+00
2.888748027116178729e+00
3.402683376032062057e+00
3.973989775259985535e+00
4.594767870890462902e+00
5.254476760550247150e+00
5.940461408524263298e+00
6.638336292278872008e+00
7.331803480373930704e+00
8.004208684780596883e+00
8.656710342613482823e+00
9.263392221365343460e+00
9.759916606594231325e+00
1.015864044487206641e+01
1.045382626586360253e+01
1.063520505597639243e+01
1.069627562463169923e+01
1.063486727007266275e+01
1.045320526166223729e+01
1.015768755031101556e+01
9.758611323953546801e+00
9.262189181181943454e+00
8.654971064621866716e+00
8.002029386103460595e+00
7.329616739951838156e+00
6.635902708433308206e+00
5.937846799223946981e+00
5.251598390503692926e+00
4.591814296792648520e+00
3.971012313383352144e+00
3.397420978731670704e+00
2.549544931929504710e+00
1.729956688041534685e+00
1.055047717973530919e+00
5.492586599765226785e-01
2.160138951777909044e-01
7.941997690831442691e-02
0.000000000000000000e+00
