0.000000000000000000e+00
2.430993872066882777e-01
1.119779851623656119e+00
1.460343572892897512e+00
1.709081616820142813e+00
2.014762815887248593e+00
2.375252462754805727e+00
2.788464175115833665e+00
3.249893218088093061e+00
3.756128611789625094e+00
4.301417777963726152e+00
4.878856822451641762e+00
5.480277318049105340e+00
6.096421892708643320e+00
6.716941778395004725e+00
7.330484975110922896e+00
7.925352093692213273e+00
8.504990205848239171e+00
9.066108029533500812e+00
9.535738920702266697e+00
9.925613957578939051e+00
1.024002410545006470e+01
1.047083392700560189e+01
1.061184236720851537e+01
1.065914857728832388e+01
1.061146837962249201e+01
1.047013337585120141e+01
1.023895447503830880e+01
9.924154296545580678e+00
9.533880959262123866e+00
9.064442064417564282e+00
8.501661895087917031e+00
7.922898545220157906e+00
7.327679798656038024e+00
6.713837787272496804e+00
6.093083527021600609e+00
5.476686361527448810e+00
4.875064405217745644e+00
4.297557733839556526e+00
3.752249156456639589e+00
3.246083116176564420e+00
2.761274674141318553e+00
2.047581061608882536e+00
1.396642133169501365e+00
8.504067303193576510e-01
4.534035617084060665e-01
1.800139467141171901e-01
7.111895087200113819e-02
0.000000000000000000e+00
