0.000000000000000000e+00
6.390130123365947989e-01
1.778211312732980387e+00
2.553930064906234865e+00
3.365078004664657563e+00
4.284063854581735775e+00
5.119520185674075741e+00
6.042636132792827297e+00
7.011877379352918993e+00
7.976797294579610842e+00
8.885540997644600480e+00
9.675433720792742776e+00
1.027982480981301450e+01
1.066146154779318067e+01
1.079213616440820012e+01
1.066139576261767630e+01
1.027971287685051927e+01
9.675349665750898609e+00
8.885509914943829912e+00
7.973782642295883072e+00
7.011660176524255661e+00
6.042380669554215267e+00
5.053365534590344765e+00
3.645000782611021783e+00
2.388064772111295753e+00
1.051358611474802363e+00
4.310036042423879277e-01
1.020682321050846719e-01
0.000000000000000000e+00
