0.000000000000000000e+00
4.897012254988244440e-01
1.249914642896717387e+00
1.426475639426782349e+00
1.643019443317896622e+00
1.913930551423282278e+00
2.238512334228284217e+00
2.614881225205493376e+00
3.041139619002011685e+00
3.512418603163730335e+00
4.024445215961194755e+00
4.571281003867430748e+00
5.145558017523996774e+00
5.738726521122037738e+00
6.341129144117526373e+00
6.942118791995016913e+00
7.530279642152871489e+00
8.094474771534278190e+00
8.627916049439662061e+00
9.110984197452948408e+00
9.528071603572353609e+00
9.874821986860217393e+00
1.014304530123807346e+01
1.032584506434726634e+01
1.041844432268297815e+01
1.041839513918746363e+01
1.032570183360578575e+01
1.014280379255440323e+01
9.874476911155831260e+00
9.527616583024233421e+00
9.109914483710763733e+00
8.595652965739754237e+00
8.093942211605780201e+00
7.529687901994339683e+00
6.941464129658295512e+00
6.340417383287014985e+00
5.737967227061909981e+00
5.144753697226846612e+00
4.570445815230002040e+00
4.023591471399839747e+00
3.511558613420513009e+00
3.040023029476034644e+00
2.613787626978131051e+00
2.237471030557990570e+00
1.912763893986670016e+00
1.438032862996415862e+00
7.624439732609907816e-01
2.653146758997397825e-01
5.179178965426396719e-02
0.000000000000000000e+00
