0.000000000000000000e+00
4.035760005238602788e-01
8.607745112207095817e-01
1.041979303353530728e+00
1.264882460238843542e+00
1.543525836818308017e+00
1.877304845274250900e+00
2.264334192353955721e+00
2.702660831146048714e+00
3.187266287920545782e+00
3.713786537488840356e+00
4.276099443424863367e+00
4.866629112439194493e+00
5.476584444693042286e+00
6.096034001691828408e+00
6.714030292148353674e+00
7.318834296436265596e+00
7.898996223010678719e+00
8.447547775505748646e+00
8.944296042368740984e+00
9.373180884559504378e+00
9.729736473220897963e+00
1.000554221729429294e+01
1.019350609126319718e+01
1.028871554516031317e+01
1.028865366405654846e+01
1.019332363482162229e+01
1.000523429836055733e+01
9.729296525980764443e+00
9.372600788549158679e+00
8.942130248016086469e+00
8.443109782787868056e+00
7.898315414386902766e+00
7.318079827988818842e+00
6.713195606117707825e+00
6.095126465501519597e+00
5.475615254312023339e+00
4.865604150471535938e+00
4.275035006496004542e+00
3.712698003442897132e+00
3.186169788993374219e+00
2.701238118627578011e+00
2.262940703833340450e+00
1.875977870118961999e+00
1.542038438577718384e+00
1.262962239701089784e+00
9.392710548021642181e-01
3.535759151586747029e-01
8.000804544003251029e-02
0.000000000000000000e+00
