0.000000000000000000e+00
7.920765810061179968e-01
2.152605012308064669e+00
3.165223697655323853e+00
4.238713814602201424e+00
5.288214195893904623e+00
6.416481684730841017e+00
7.590580574998657681e+00
8.718929159023618425e+00
9.697355780962194416e+00
1.041063071859844946e+01
1.078745722876172053e+01
1.078740653714011444e+01
1.041054672406371040e+01
9.697316263252998780e+00
8.715760776906206431e+00
7.590419018178429234e+00
6.367735818861101293e+00
4.752950364982861942e+00
3.168891788466393411e+00
1.482614978626974445e+00
6.243963925222941747e-01
1.460207928581333525e-01
0.000000000000000000e+00
