0.000000000000000000e+00
4.055915898665304331e-01
1.006574804946069435e+00
1.466585119548217353e+00
1.868234037629776578e+00
2.330177896448471841e+00
2.836850118365799034e+00
3.383589108025862657e+00
3.935223700081758036e+00
4.432616189551363384e+00
4.970176393221082733e+00
5.540011654973467259e+00
6.132777028084115400e+00
6.737765990051133969e+00
7.343017361960685108e+00
7.935597892207496784e+00
8.503114656568268259e+00
9.036838752813268982e+00
9.513474846399601503e+00
9.918953212080026560e+00
1.024700592757296569e+01
1.048848110078664853e+01
1.063629728120571905e+01
1.068604940467523434e+01
1.063624792851126699e+01
1.048838778174272690e+01
1.024686313609366195e+01
9.918757822496317544e+00
9.513230510825655628e+00
9.036593957940173283e+00
8.501948703995731549e+00
7.935188226715406579e+00
7.342716326841648211e+00
6.737438477037690276e+00
6.132430235804418039e+00
5.539636129356919625e+00
4.969790911689979218e+00
4.432224457188054245e+00
3.934832116028306626e+00
3.340909642396615364e+00
2.669149502442700328e+00
1.901234146284694448e+00
1.259414729373048214e+00
6.507143391541105881e-01
1.862291697663770174e-01
4.342324646305387864e-02
0.000000000000000000e+00
