0.000000000000000000e+00
2.560709358655560153e-01
5.169320579948865069e-01
7.028988572474254015e-01
9.312197325510567225e-01
1.216650039696869356e+00
1.558546463549483674e+00
1.954983128323555697e+00
2.403959591065969903e+00
2.900326455753456933e+00
3.439636975747490499e+00
4.015608143190013912e+00
4.620480496018124050e+00
5.245249835991375953e+00
5.879743129787375011e+00
6.512747560328228325e+00
7.132238947435030951e+00
7.726491213164607963e+00
8.288376850321483857e+00
8.797197264525966176e+00
9.236493344995274413e+00
9.601702179419815408e+00
9.884199621891657017e+00
1.007672110524539200e+01
1.017423445026168949e+01
1.017416170858940383e+01
1.007650536282236153e+01
9.883835381416311350e+00
9.601181776330017570e+00
9.235807183996737280e+00
8.796346048468729251e+00
8.287516974121860613e+00
7.725684868140987760e+00
7.131346460771112561e+00
6.511760183155235637e+00
5.878669543965531652e+00
5.244102729700371945e+00
4.619268318190837164e+00
4.014349197468428443e+00
3.438349275358161261e+00
2.899029326605980561e+00
2.402277555047996671e+00
1.953335598365885994e+00
1.556977496740376665e+00
1.214891546379931908e+00
9.293512118443020276e-01
7.010779058949200282e-01
4.296109174172081380e-01
9.967391805349852529e-02
0.000000000000000000e+00
