0.000000000000000000e+00
4.606424119340283840e-01
1.190970499242208103e+00
1.685794036062935985e+00
2.153054300445024438e+00
2.693867845434759989e+00
3.288561899137020905e+00
3.924011466823192684e+00
4.475121140612614568e+00
5.076699615267846966e+00
5.717574961290981861e+00
6.384307447345953790e+00
7.061342925934840586e+00
7.731283042158024976e+00
8.376039833303886795e+00
8.981688943492802224e+00
9.522204198131694497e+00
9.973984119670330273e+00
1.032757801394950370e+01
1.057085870324994126e+01
1.069481684101912577e+01
1.069478759966290049e+01
1.057078560551553004e+01
1.032745554627053153e+01
9.973807744208372128e+00
9.521971692857018610e+00
8.981418976009283739e+00
8.374912363796864767e+00
7.731022145572334914e+00
7.061052230960219056e+00
6.383997647362633643e+00
5.717233359467839726e+00
5.076343756365511162e+00
4.474760447801307883e+00
3.876442839288450681e+00
3.044727858521280250e+00
2.162396482089612881e+00
1.413228054486413754e+00
6.314527841188982693e-01
2.157521417516080620e-01
4.854927960585099511e-02
0.000000000000000000e+00
