0.000000000000000000e+00
3.988617038052940655e-01
9.944908903037755765e-01
1.455374622384625782e+00
1.856597169176414708e+00
2.318518261666271396e+00
2.825316726584067073e+00
3.372378633916161217e+00
3.925073349689773394e+00
4.422922060123587684e+00
4.960975397727500180e+00
5.531333462292238323e+00
6.124642611088957800e+00
6.730186685513037226e+00
7.335993405437738701e+00
7.929117668403858232e+00
8.497155084976796502e+00
9.031368287383138238e+00
9.508441626049281226e+00
9.914292258211519382e+00
1.024264619025774081e+01
1.048434316238961728e+01
1.063229526055092578e+01
1.068209331995464595e+01
1.063224648629330282e+01
1.048425111331417980e+01
1.024250533994391255e+01
9.914099521503992207e+00
9.508200757132748038e+00
9.031127400084034917e+00
8.496727693999712727e+00
7.928832510025471514e+00
7.335696451701747556e+00
6.729863636316798292e+00
6.124300662018890229e+00
5.530962883977919020e+00
4.960595093952988144e+00
4.422535612175860109e+00
3.922638837845417115e+00
3.326770203694391359e+00
2.637347250865843318e+00
1.876969718095430117e+00
1.245665211488752977e+00
6.182196136328400593e-01
1.840737507395251715e-01
4.243169460330630666e-02
0.000000000000000000e+00
