0.000000000000000000e+00
2.973960884218989076e-01
6.936384829775268379e-01
1.108970565003837505e+00
1.495531439649750993e+00
1.932171399064882333e+00
2.407999839405440934e+00
2.918860944757844411e+00
3.462198417824732033e+00
3.945226656993840120e+00
4.437960700848289086e+00
4.964195106869733642e+00
5.516838445563394089e+00
6.087661786071519643e+00
6.667373930686932404e+00
7.245726480967856098e+00
7.811734104846705051e+00
8.354675591593901274e+00
8.868002882878018411e+00
9.332861008232312017e+00
9.734245423343265813e+00
1.006794507746895029e+01
1.032607639011746237e+01
1.050200324297210841e+01
1.059112930346170423e+01
1.059109759887223490e+01
1.050191542626717300e+01
1.032592886583883285e+01
1.006773426698906704e+01
9.733967419070866711e+00
9.332513538318973900e+00
8.867654897046778117e+00
8.354353869959382450e+00
7.811372611373628594e+00
7.245326513193847795e+00
6.666939155803659034e+00
6.087200048796961305e+00
5.516345885552308204e+00
4.963683892919637408e+00
4.437438998989074790e+00
3.944701116458162460e+00
3.441391175375146716e+00
2.896149672571589839e+00
2.382780826762509463e+00
1.902438992692973674e+00
1.390425472518608707e+00
8.476817852164050260e-01
3.857703379152507273e-01
4.398325876622725950e-02
0.000000000000000000e+00
