0.000000000000000000e+00
2.434652604100009110e-01
1.122297288252180225e+00
1.472886705834613785e+00
1.721417208626780937e+00
2.026816211926232736e+00
2.386969316935997121e+00
2.799797487975233423e+00
3.260796886123615845e+00
3.766561423712555090e+00
4.311343830907379271e+00
4.888246682399372212e+00
5.489108780277856425e+00
6.104681526255193447e+00
6.724625895397027264e+00
7.337600080209180753e+00
7.931915501408707492e+00
8.511013756239552919e+00
9.071610400310566646e+00
9.540807636107919265e+00
9.930321850158252417e+00
1.024444115150682322e+01
1.047503773239658997e+01
1.061591641382601914e+01
1.066317973308058953e+01
1.061554490764383907e+01
1.047434250129185251e+01
1.024337963709888832e+01
9.928873256220017041e+00
9.538963967574371594e+00
9.069964155955371865e+00
8.507352007062840116e+00
7.929478750815184718e+00
7.334816098794946448e+00
6.721545336756681088e+00
6.101368768948358223e+00
5.485544936053292631e+00
4.884482427985862962e+00
4.307512844573985866e+00
3.762711156010918767e+00
3.257015437174996197e+00
2.764884757568994100e+00
2.046214476872322496e+00
1.395091639599840505e+00
8.488100582781674674e-01
4.517102524283277964e-01
1.798470663171971295e-01
7.110723912533013780e-02
0.000000000000000000e+00
