0.000000000000000000e+00
4.576541175575014053e-01
1.186585059357074368e+00
1.685409669989988757e+00
2.152716848433553931e+00
2.693457263341350938e+00
3.288131476069245274e+00
3.924009487826080278e+00
4.475119212939921987e+00
5.076697798464209654e+00
5.717573281615179859e+00
6.384305884047732249e+00
7.061341567261878005e+00
7.731281871881782841e+00
8.376038885128735956e+00
8.981688029148264363e+00
9.522203155236923067e+00
9.973983289965691057e+00
1.032757741238909333e+01
1.057085831875013149e+01
1.069481667672710579e+01
1.069478758985534306e+01
1.057078581338190304e+01
1.032745596553271383e+01
9.973808381679837964e+00
9.521972538922502949e+00
8.981419779565774419e+00
8.374325442494086502e+00
7.731023141863285986e+00
7.061053286844696686e+00
6.383998765806500053e+00
5.717234443793265619e+00
5.076344826620153405e+00
4.474761488544578114e+00
3.874640100615815097e+00
3.035691043758116603e+00
2.154579275920804005e+00
1.409196711959590509e+00
6.196574168173363262e-01
2.166721498978984306e-01
4.996613287843911649e-02
0.000000000000000000e+00
