0.000000000000000000e+00
5.891826767143572008e-01
1.667319344141058091e+00
2.374473610498385678e+00
3.108881684435700343e+00
3.951602742333682361e+00
4.740988339858438927e+00
5.573885817442130630e+00
6.465209914817497960e+00
7.377166351887866291e+00
8.266359413207860385e+00
9.091050468675806684e+00
9.795015784111642532e+00
1.032837360428328033e+01
1.066332515649536461e+01
1.077761539395404888e+01
1.066326274768640836e+01
1.032826492535698648e+01
9.794834253679375990e+00
9.090766588820633487e+00
8.255942016146690321e+00
7.376942042991847082e+00
6.464969363075273812e+00
5.573594654370464418e+00
4.642150126670952837e+00
3.318759842111044467e+00
2.166404088583363752e+00
9.236637549634396649e-01
3.833076736427962206e-01
8.840717708713648204e-02
0.000000000000000000e+00
