0.000000000000000000e+00
4.645334035700145470e-01
1.537079178849380723e+00
1.708771821242433875e+00
1.920709797484355885e+00
2.185903387359806604e+00
2.503694600785653535e+00
2.872232114309097639e+00
3.289627607609858284e+00
3.751124047883126256e+00
4.252510346195851554e+00
4.787983873832527770e+00
5.350329268501902824e+00
5.931173858410041078e+00
6.521061863227444633e+00
7.109566394741557716e+00
7.685508982404313905e+00
8.237982204476722359e+00
8.760330424292149587e+00
9.233355467472136979e+00
9.641782008658861258e+00
9.981334196166889328e+00
1.024399113121158500e+01
1.042299990440634261e+01
1.051368314086791855e+01
1.051364329861729630e+01
1.042288594088487308e+01
1.024379922167811330e+01
9.981059978116720188e+00
9.641420407979895302e+00
9.232826099476840298e+00
8.715762782192575386e+00
8.237560664324703907e+00
7.685038763366520698e+00
7.109046163058213352e+00
6.520496297857051538e+00
5.930571476418134758e+00
5.349689596072542130e+00
4.787319771382958500e+00
4.251831892051951556e+00
3.750440625333318234e+00
3.288735477086643488e+00
2.871354626723875647e+00
2.502852099974663957e+00
1.931659595539904517e+00
1.169841067456359518e+00
6.015113604592137175e-01
1.895567973559296182e-01
3.688675810533170729e-02
0.000000000000000000e+00
