0.000000000000000000e+00
2.538315091358225861e-01
5.489768643677497284e-01
9.415242644158205998e-01
1.331557954135183186e+00
1.774593550978596168e+00
2.256795105925052169e+00
2.774191789695810151e+00
3.324248192794700074e+00
3.811364629905268586e+00
4.310065660524358577e+00
4.842671797230057251e+00
5.402006145071621468e+00
5.979740656955740086e+00
6.566470572991145893e+00
7.151824444113657364e+00
7.724683727682106316e+00
8.274198793656317719e+00
8.793747186037633057e+00
9.264237502203043206e+00
9.670478593082130203e+00
1.000821452630946062e+01
1.026946702091770192e+01
1.044751941554619989e+01
1.053771948671394654e+01
1.053768232210553890e+01
1.044741396782805332e+01
1.026928955763817619e+01
1.000796094616893583e+01
9.670144201808041018e+00
9.263820674880040684e+00
8.793328447945899740e+00
8.273809680405445732e+00
7.724248899077140074e+00
7.151343360439412322e+00
6.565947582300943886e+00
5.979184022650918529e+00
5.401414385435700183e+00
4.842057485970239661e+00
4.309438242120829266e+00
3.810732612725029611e+00
3.301022964990660391e+00
2.749932843249534908e+00
2.231642043291443667e+00
1.747969590123771511e+00
1.299472746971392478e+00
8.923238739247426610e-01
4.582028595538074622e-01
1.394029872013770321e-01
0.000000000000000000e+00
