0.000000000000000000e+00
1.092547815769950637e+00
2.413561931005376415e+00
2.574411633298539392e+00
2.772769518660423316e+00
3.020815376417044895e+00
3.317947367157080496e+00
3.662484943597295040e+00
4.052689823995092588e+00
4.484098618937361280e+00
4.952815801532142181e+00
5.453396870085508219e+00
5.979097421529687040e+00
6.522091250474328028e+00
7.073537434084915532e+00
7.623690011440371173e+00
8.162098720862825729e+00
8.678569923661198615e+00
9.163998966658747136e+00
9.608754288950656530e+00
9.990911062551683486e+00
1.030832647555919834e+01
1.055385700318901421e+01
1.072118932229355970e+01
1.080595033180083675e+01
1.080589934544374131e+01
1.072103960872708406e+01
1.055360441516592118e+01
1.030796557822055348e+01
9.990435190948620203e+00
9.608033276223721941e+00
9.123063457124592546e+00
8.678011944000111555e+00
8.161479830213728803e+00
7.623005316581777713e+00
7.072792994445491033e+00
6.521296522285804365e+00
5.978256499552099257e+00
5.452523599901386575e+00
4.951922884761349231e+00
4.483199170126465738e+00
4.051522451342176367e+00
3.661341569690491848e+00
3.316858602047827898e+00
3.019595075114920313e+00
2.764415221464063599e+00
1.061010858443400373e+00
3.630523005979424678e-01
6.034217577304822056e-02
0.000000000000000000e+00
