0.000000000000000000e+00
4.640815393115361731e-01
1.186187989012269073e+00
1.672876658329786714e+00
2.140596463984608011e+00
2.682068652638325279e+00
3.277398248060799268e+00
3.912928112176909057e+00
4.464589323902344198e+00
5.066769772398413529e+00
5.708286389672267092e+00
6.375686053767243067e+00
7.053398907913818405e+00
7.724009318820301395e+00
8.369411155396971225e+00
8.975666417138921105e+00
9.516722840685202911e+00
9.968954667519490442e+00
1.032290217313265401e+01
1.056642607589387772e+01
1.069050799318748446e+01
1.069047851752176115e+01
1.056635212256780676e+01
1.032277823482761292e+01
9.968776177944551620e+00
9.516487607490020650e+00
8.975393904500982956e+00
8.368617091641610273e+00
7.723745299802024178e+00
7.053104733056880349e+00
6.375372403058856996e+00
5.707940794358207448e+00
5.066409743127750609e+00
4.464224348795814201e+00
3.867689397289968412e+00
3.053424893360599857e+00
2.166967395256677698e+00
1.418676682617026952e+00
6.471619936197040568e-01
2.148156154162554066e-01
5.027420841270340696e-02
0.000000000000000000e+00
