0.000000000000000000e+00
4.477710142140869931e-01
1.593371092627540175e+00
1.762000498640700519e+00
1.973060409270470883e+00
2.237185492568210421e+00
2.553700782503935951e+00
2.920760931488896706e+00
3.336484751573653984e+00
3.796137357245636501e+00
4.295517183246275295e+00
4.828848096237473797e+00
5.388943501226639121e+00
5.967464101002086352e+00
6.554992182209475438e+00
7.141142339889814394e+00
7.714780873253046067e+00
8.265043626967027990e+00
8.785300066890201265e+00
9.256431296673991227e+00
9.663224585772159259e+00
1.000141934636186569e+01
1.026302656977715877e+01
1.044132042092964419e+01
1.053164230491222675e+01
1.053160414877633144e+01
1.044121180265159765e+01
1.026284372602407302e+01
1.000115807974052551e+01
9.662880060563207252e+00
9.256001992558420710e+00
8.744381497103827172e+00
8.264642424081104721e+00
7.714332863891455006e+00
7.140646676207684784e+00
6.554453335150557614e+00
5.966890421527900834e+00
5.388333901684612570e+00
4.828215244926752803e+00
4.294870758475466843e+00
3.795486196236883547e+00
3.335632411313543155e+00
2.919920773455987995e+00
2.552890825606180858e+00
1.857304408809442142e+00
1.121037896133286749e+00
5.682100494247175337e-01
1.779801603929179743e-01
3.515789949419707849e-02
0.000000000000000000e+00
