0.000000000000000000e+00
4.607196125011590593e-01
1.192281435406608026e+00
1.685812733960391663e+00
2.153071445586076216e+00
2.693889260477422720e+00
3.288584622336232499e+00
3.924011572096379741e+00
4.475121243146593208e+00
5.076699711899456346e+00
5.717575050619628563e+00
6.384307530456334590e+00
7.061342998164547247e+00
7.731283104360337610e+00
8.376039883708987333e+00
8.981688992125407722e+00
9.522204253547450037e+00
9.973984163741214104e+00
1.032757804588484518e+01
1.057085872364088885e+01
1.069481684970316415e+01
1.069478760010834328e+01
1.057078559438596699e+01
1.032745552389240018e+01
9.973807710215455202e+00
9.521971647755854917e+00
8.981418933122284898e+00
8.374896770866214979e+00
7.731022092496696807e+00
7.061052174714870233e+00
6.383997587802728191e+00
5.717233301706889037e+00
5.076343699358237593e+00
4.474760392374129481e+00
3.876538746839782057e+00
3.045220573474927139e+00
2.162853565548169321e+00
1.413346058237913594e+00
6.319199546245650723e-01
2.156537053064110643e-01
4.855642086461568752e-02
0.000000000000000000e+00
