0.000000000000000000e+00
5.533829761856785545e-01
1.573275752122861526e+00
2.218511862941486612e+00
2.885928571217309280e+00
3.654005614455356099e+00
4.427620031914514698e+00
5.179217617274347596e+00
5.994896209991688707e+00
6.846257988949764339e+00
7.699448011070129105e+00
8.518181882541709271e+00
9.267746819157894222e+00
9.896753842691083491e+00
1.037046016942018234e+01
1.066654821809947684e+01
1.076728896706064553e+01
1.066648846516212856e+01
1.037035442851144218e+01
9.896584151820722042e+00
9.267534146562095287e+00
8.516413682699278453e+00
7.699225015386971016e+00
6.846013160386700491e+00
5.994618063696074195e+00
5.178911178598564646e+00
4.260062759213163019e+00
3.025666428747661119e+00
1.969912553976113756e+00
8.277090775964943692e-01
3.400455934587993112e-01
8.038120788767066927e-02
0.000000000000000000e+00
