0.000000000000000000e+00
8.416285108433426698e-01
2.256382795939947616e+00
3.331459885205057869e+00
4.472384983293260063e+00
5.564608520536489245e+00
6.760833558713980729e+00
7.980664820368020607e+00
9.117366532683664815e+00
1.004200099564897464e+01
1.064092302856413852e+01
1.084910487753144359e+01
1.064084738325374246e+01
1.004199125994031938e+01
9.117568036057955183e+00
7.974015268549635493e+00
6.696364540311361857e+00
5.039678158266280406e+00
3.378940757617351132e+00
1.606405758490434321e+00
6.832133161772298013e-01
1.527772915154713140e-01
0.000000000000000000e+00
