0.000000000000000000e+00
4.150176362553877896e-01
1.017386300669878674e+00
1.494838242506480119e+00
1.907650914257482677e+00
2.383825642285432700e+00
2.906206342093803574e+00
3.470220388107601472e+00
4.021583561188775136e+00
4.538303936543886863e+00
5.095456882284024935e+00
5.684282954371798091e+00
6.294452181346475328e+00
6.914171292811843728e+00
7.530343692396498589e+00
8.128980757156373471e+00
8.698742574654598769e+00
9.226092271035371439e+00
9.685330218006976466e+00
1.006837092489605467e+01
1.036636038215171851e+01
1.057028906653422418e+01
1.067386111616210442e+01
1.067383365737428136e+01
1.057021821361654190e+01
1.036624173200482524e+01
1.006820077409643410e+01
9.685107198453454913e+00
9.225886572181641654e+00
8.698557503319287676e+00
8.123579117844473174e+00
7.530056319832554301e+00
6.913855521812907412e+00
6.294116975332451069e+00
5.683918863822712275e+00
5.095078408080938814e+00
4.537919057200327622e+00
4.021197341199994391e+00
3.424995826457664982e+00
2.728977029562917433e+00
1.938695950126009038e+00
1.284332872420750560e+00
6.309537109481389017e-01
1.889880127550187527e-01
4.192241518291441732e-02
0.000000000000000000e+00
