0.000000000000000000e+00
4.015252917091084450e-01
9.965975676235460101e-01
1.454947219898499844e+00
1.856437554479315022e+00
2.318553835764431081e+00
2.825501995835137503e+00
3.372642339729107874e+00
3.925075067483771551e+00
4.422923731015145243e+00
4.960976985549947926e+00
5.531334933770176043e+00
6.124643991691293365e+00
6.730187916069368725e+00
7.335994488360920940e+00
7.929118601797427779e+00
8.497155913420456841e+00
9.031369268499929603e+00
9.508442533013226949e+00
9.914292964582999801e+00
1.024264671878067112e+01
1.048434352425517524e+01
1.063229545289642886e+01
1.068209336834815026e+01
1.063224639108644887e+01
1.048425084986256373e+01
1.024250491260541551e+01
9.914098921467648040e+00
9.508199961344974582e+00
9.031126474107717073e+00
8.496822632173612888e+00
7.928833943362604941e+00
7.335695524596468786e+00
6.729862669210856296e+00
6.124299661610895562e+00
5.530961914793675938e+00
4.960594130451423389e+00
4.422534679880013364e+00
3.923719579428314841e+00
3.328364218772296823e+00
2.645886269638829003e+00
1.885858677717911380e+00
1.249280928640786881e+00
6.367241529908405084e-01
1.842464663951835224e-01
4.420112146745061588e-02
0.000000000000000000e+00
