0.000000000000000000e+00
3.607835206052202315e-01
7.468713286217765202e-01
9.298426873260392522e-01
1.154550284299544316e+00
1.435437583432151998e+00
1.771900630436540336e+00
2.162040676634313652e+00
2.603888894771113627e+00
3.092383516090133178e+00
3.623133138315547619e+00
4.189962442852433355e+00
4.785234835965757050e+00
5.400088755502123306e+00
6.024512858814022209e+00
6.647471930247207617e+00
7.257132652033220666e+00
7.841953869887004380e+00
8.394914569179503516e+00
8.895654717628648456e+00
9.327982297909555243e+00
9.687399308494129002e+00
9.965417847408293284e+00
1.015488883546743182e+01
1.025086016512318210e+01
1.025079475002717722e+01
1.015469553000274772e+01
9.965091569097468849e+00
9.686933134349573038e+00
9.327367626388216593e+00
8.893247577394618020e+00
8.392362374627595045e+00
7.841232126766673360e+00
7.256333194128988140e+00
6.646587472154153353e+00
6.023551196092043369e+00
5.399061563129577301e+00
4.784148853283647362e+00
4.188834607584835723e+00
3.621979684945938693e+00
3.091221621115700202e+00
2.602381620416051700e+00
2.160564348872245688e+00
1.770494745520501345e+00
1.433861739556601345e+00
1.152270507742344297e+00
9.134977697614988790e-01
3.818998808565301495e-01
8.800317273037128185e-02
0.000000000000000000e+00
