0.000000000000000000e+00
6.682523003606394285e-01
1.844112367092003213e+00
2.658043005619734167e+00
3.512261802571938762e+00
4.451451902373563918e+00
5.337624301792391002e+00
6.308812699918076028e+00
7.316194891271276646e+00
8.302361965862534277e+00
9.208614174654508489e+00
9.957190663293888022e+00
1.048864400495909344e+01
1.076600927151559084e+01
1.076596649492863200e+01
1.048855685879234478e+01
9.957094674283998970e+00
9.208749367881079451e+00
8.292120604436034270e+00
7.315986873195515550e+00
6.308581502332935464e+00
5.282379593477005919e+00
3.831210491118958394e+00
2.516108546881520969e+00
1.123415681907089292e+00
4.604753013229389014e-01
1.067854326173684476e-01
0.000000000000000000e+00
