0.000000000000000000e+00
1.056524656402138440e+00
2.607086913079390555e+00
3.917627670504562065e+00
5.211850092706411530e+00
6.558432670755091287e+00
7.964346912854120220e+00
9.265329745016668284e+00
1.026780951421771348e+01
1.080944184344781966e+01
1.080937735411381873e+01
1.026768294057167630e+01
9.264998453274566614e+00
7.828218633492821432e+00
6.047325094806338619e+00
4.161326530235685439e+00
2.099844908195405147e+00
8.899517350438445051e-01
1.996072073240144074e-01
0.000000000000000000e+00
