0.000000000000000000e+00
5.919018989466892089e-01
1.667888006964902470e+00
2.374911642148644475e+00
3.109172903023100343e+00
3.951864898492276623e+00
4.740989210304708656e+00
5.573886613524752676e+00
6.465210690501900004e+00
7.377167002072471114e+00
8.266359893597966746e+00
9.091050809317504644e+00
9.795016261720940420e+00
1.032837397676436808e+01
1.066332537490257160e+01
1.077761550772439847e+01
1.066326276094792647e+01
1.032826479698847955e+01
9.794834034140242451e+00
9.090766466619090380e+00
8.256461110547716586e+00
7.376941653539939026e+00
6.464968921733786900e+00
5.573594266812392561e+00
4.644474460153375617e+00
3.319303180038977175e+00
2.166869590863885975e+00
9.266957135604219076e-01
3.827800598589014558e-01
8.837106234525750337e-02
0.000000000000000000e+00
