0.000000000000000000e+00
4.617958269231302038e-01
1.539406789458181324e+00
1.709954920251064214e+00
1.921874101549698954e+00
2.187041279697957918e+00
2.504802645298687569e+00
2.873306560993712733e+00
3.290664550314799985e+00
3.752121001677914069e+00
4.253462818758449338e+00
4.788888931916229552e+00
5.351184583085790258e+00
5.931977799622275782e+00
6.521813714010359142e+00
7.110266282886776423e+00
7.686158038768104106e+00
8.238582399037072790e+00
8.760883796850501781e+00
9.233866590943673458e+00
9.642257306981408149e+00
9.981779846822819380e+00
1.024441395344849859e+01
1.042340733343327663e+01
1.051408304756622947e+01
1.051404372577037805e+01
1.042329503258000578e+01
1.024422486529674003e+01
9.981509659352207464e+00
9.641901020235788877e+00
9.233248438635346389e+00
8.718347971735138202e+00
8.238167197396924379e+00
7.685694731654317380e+00
7.109753697014129514e+00
6.521256463894272493e+00
5.931384355804716790e+00
5.350554266809724346e+00
4.788234552890267892e+00
4.252794332477255246e+00
3.751447619232089803e+00
3.289784746562153472e+00
2.872440584529607488e+00
2.503970074859624528e+00
1.901964294894536778e+00
1.151735243112415041e+00
5.901487601475170486e-01
1.840024920495819949e-01
3.631412043249352545e-02
0.000000000000000000e+00
