0.000000000000000000e+00
5.495021400951307644e-01
1.559953949488895431e+00
2.205928676094524921e+00
2.874099924361402714e+00
3.642940462202760354e+00
4.417498865514529527e+00
5.169815969862455951e+00
5.986275412101498716e+00
6.838452217242125819e+00
7.692459051956214822e+00
8.511976705970630164e+00
9.262259199850026548e+00
9.891868375309057271e+00
1.036602825181203258e+01
1.066239983961004789e+01
1.076323709871349088e+01
1.066234017773709830e+01
1.036592276402500445e+01
9.891699047487186647e+00
9.262046926613669129e+00
8.510106580592275094e+00
7.692236586345304161e+00
6.838208024000777208e+00
5.985997919482601404e+00
5.169510171771380946e+00
4.253468542165828481e+00
3.023357091340554081e+00
1.968673557440529187e+00
8.234467424890399290e-01
3.398447376231226724e-01
8.050677060737043700e-02
0.000000000000000000e+00
