0.000000000000000000e+00
2.582268091440754754e-01
5.633920162192406211e-01
9.553360670357349260e-01
1.344907991150904980e+00
1.787458419522715447e+00
2.269165925695689978e+00
2.786040512895107124e+00
3.335553956810172416e+00
3.822281297618934648e+00
4.320495722725198995e+00
4.852582224491922780e+00
5.411370888773341825e+00
5.988541766890698170e+00
6.574699325830355434e+00
7.159482183859696036e+00
7.731782655363379497e+00
8.280761619381538097e+00
8.799802788519617280e+00
9.269833863026272880e+00
9.675678801562686004e+00
1.001308546650144216e+01
1.027408331957595422e+01
1.045196226320017807e+01
1.054207462579565657e+01
1.054203779376818595e+01
1.045185787400005495e+01
1.027390765206495260e+01
1.001283445179861609e+01
9.675347792617669640e+00
9.269421201896967943e+00
8.799388293555519880e+00
8.280376537523650882e+00
7.731352225894565500e+00
7.159005966334732740e+00
6.574181627170275100e+00
5.987990819277875687e+00
5.410785084331382500e+00
4.851974101856802335e+00
4.319874647697567127e+00
3.821655669680911860e+00
3.312507757583643908e+00
2.761930348223049059e+00
2.244100314522091022e+00
1.760781829283671884e+00
1.312340831760861359e+00
8.928773660800571887e-01
4.552698868122805331e-01
1.321309544212977138e-01
0.000000000000000000e+00
