0.000000000000000000e+00
4.782661485936892110e-01
1.181636557465648218e+00
1.359578471429813362e+00
1.577223167403752901e+00
1.849493534419035967e+00
2.175674969774469503e+00
2.553898291141917909e+00
2.982256088220768042e+00
3.455853543575401865e+00
3.970401527361478777e+00
4.519929801988431528e+00
5.097034238804988071e+00
5.693123112790321905e+00
6.298491356952818698e+00
6.902439627668649713e+00
7.493495872297631699e+00
8.060468715304709875e+00
8.596335076080826809e+00
9.080942045611804403e+00
9.500870866635382939e+00
9.849582529897714878e+00
1.011912506648772414e+01
1.030282335510050551e+01
1.039587685705483011e+01
1.039582564941204268e+01
1.030267384349630433e+01
1.011887292072523081e+01
9.849222258122763307e+00
9.500651186083645783e+00
9.080826590988065661e+00
8.560305553161084546e+00
8.059912389958812540e+00
7.492878068770131961e+00
6.901756132292215185e+00
6.297748240135741860e+00
5.692330189502794013e+00
5.096194587897259431e+00
4.519057903599158266e+00
3.969510181148260930e+00
3.454955677339992981e+00
2.981090437084785272e+00
2.552756629561438562e+00
2.174587880408344276e+00
1.848275396315071317e+00
1.470137909964578826e+00
7.919171768618393781e-01
2.787895998434070655e-01
5.566427927678077592e-02
0.000000000000000000e+00
