0.000000000000000000e+00
4.929278149773041462e-01
1.320492794132472891e+00
1.839801765317746307e+00
2.359695759244144320e+00
2.960526870852933090e+00
3.621721523220422956e+00
4.265145380983588197e+00
4.890878837116714450e+00
5.567209182791978073e+00
6.278240021478263877e+00
7.005161382760691779e+00
7.726570629079775543e+00
8.420043891113957457e+00
9.066952762937937393e+00
9.635160716219580479e+00
1.009826888533823208e+01
1.044353602277657700e+01
1.065686961523533860e+01
1.072901494128760724e+01
1.065681519515744746e+01
1.044343597289418568e+01
1.009811454018505827e+01
9.634937955252061315e+00
9.066692941123912775e+00
8.417467582295717676e+00
7.726320358157964918e+00
7.004882035778924987e+00
6.277941752091178884e+00
5.566874919105728736e+00
4.890537128560532132e+00
4.264800706576648892e+00
3.369564413305692785e+00
2.390224971546669241e+00
1.553862332831432935e+00
6.693956046107586433e-01
2.472393430038638540e-01
5.687274528653941258e-02
0.000000000000000000e+00
