0.000000000000000000e+00
5.983722487435900739e-01
1.669365133537488388e+00
2.375981059567140452e+00
3.109885231558841223e+00
3.952506280322079402e+00
4.740991332547388026e+00
5.573888553798291845e+00
6.465212578111590780e+00
7.377168583480288255e+00
8.266361062299543150e+00
9.091051640545787293e+00
9.795017421779498079e+00
1.032837487955298883e+01
1.066332590259766278e+01
1.077761577959370953e+01
1.066326278683003359e+01
1.032826447747116205e+01
9.794833490541954291e+00
9.090766155595947140e+00
8.257610043446732107e+00
7.376940697387129653e+00
6.464967839924226745e+00
5.573593314700639567e+00
4.650120814139993897e+00
3.320834828761269897e+00
2.168183489344856607e+00
9.341277145076044564e-01
3.815207808720006422e-01
8.827746477848198714e-02
0.000000000000000000e+00
