0.000000000000000000e+00
4.025272879439669160e-01
9.950615760351023686e-01
1.454687849990381698e+00
1.856357763905507996e+00
2.318560934352566605e+00
2.825575197280876694e+00
3.372750307687822247e+00
3.925075784817673163e+00
4.422924428721499268e+00
4.960977648535236817e+00
5.531335548171100847e+00
6.124644567980281451e+00
6.730188429716541521e+00
7.335994940338043335e+00
7.929118991308893527e+00
8.497156259057186745e+00
9.031369677627772319e+00
9.508442911347495752e+00
9.914293259219601140e+00
1.024264693915148072e+01
1.048434367503212883e+01
1.063229553292195817e+01
1.068209338821352894e+01
1.063224635093244430e+01
1.048425073947192665e+01
1.024250473374999615e+01
9.914098670460660401e+00
9.508199628621561317e+00
9.031126087215854525e+00
8.495861001991826811e+00
7.928834538276015031e+00
7.335695137035334490e+00
6.729862264960832618e+00
6.124299243516523994e+00
5.530961509631642237e+00
4.960593727726830160e+00
4.422534290224014342e+00
3.924169810804603920e+00
3.329028922938586099e+00
2.653380489723403457e+00
1.891168508286676042e+00
1.253857803800077830e+00
6.402122641483914967e-01
1.847682442743355802e-01
4.309381597098379396e-02
0.000000000000000000e+00
