0.000000000000000000e+00
8.632418829586361309e-01
2.247706697537847909e+00
3.323683354644597188e+00
4.465572346515352287e+00
5.555332640384837539e+00
6.752735090422124387e+00
7.973766312459130923e+00
9.111590539293292323e+00
1.003713012617583900e+01
1.063663788771516927e+01
1.084502351796447428e+01
1.063656027502734069e+01
1.003711187978731800e+01
9.111774435366958969e+00
7.969961864536554863e+00
6.715771083409445730e+00
5.055408841780642426e+00
3.387477892125284384e+00
1.625403198386283332e+00
6.750623859296670526e-01
1.529162885564104291e-01
0.000000000000000000e+00
