0.000000000000000000e+00
2.890266094626712801e-01
6.773303775241048541e-01
1.093311559341682893e+00
1.481118702291740696e+00
1.918663040464597680e+00
2.395263805918720124e+00
2.906822523414353210e+00
3.450810358745877604e+00
3.934167045165967380e+00
4.427394078577417069e+00
4.954154915193462294e+00
5.507351065752329689e+00
6.078745413824162114e+00
6.659037366815611314e+00
7.237968369615678910e+00
7.804542081576220980e+00
8.348026683995922070e+00
8.861867939578107922e+00
9.327191381267294190e+00
9.728977066948392149e+00
1.006301020996308360e+01
1.032139940683743440e+01
1.049750188484136260e+01
1.058671669333026344e+01
1.058668455935557340e+01
1.049741266442841514e+01
1.032124949707320560e+01
1.006279599178263062e+01
9.728694570138710418e+00
9.326838391967827491e+00
8.861514315686370935e+00
8.347699580744309955e+00
7.804174745524377066e+00
7.237561939765089214e+00
6.658595564303175784e+00
6.078276109936318505e+00
5.506850608065149366e+00
4.953635492748445834e+00
4.426863957031859087e+00
3.933633024791268973e+00
3.430150407676396007e+00
2.884570386768376515e+00
2.371046403984002904e+00
1.890950089744155793e+00
1.406374494178990187e+00
8.587618146587229218e-01
4.085403243701867804e-01
4.442577556934800692e-02
0.000000000000000000e+00
