0.000000000000000000e+00
8.613642632671832944e-01
2.247281427243018381e+00
3.323272544056220301e+00
4.465188541558834601e+00
5.555205631730882665e+00
6.752624089470317337e+00
7.973671681664696642e+00
9.111510867731556829e+00
1.003706316489871320e+01
1.063657919824326825e+01
1.084496769212541700e+01
1.063650171656101939e+01
1.003704550337331547e+01
9.111695985908950135e+00
7.969937446746224730e+00
6.714063862352235290e+00
5.054157265737861948e+00
3.386711361809275012e+00
1.623833374174745714e+00
6.755203077060256689e-01
1.528958816112986341e-01
0.000000000000000000e+00
