0.000000000000000000e+00
2.215560644363829823e-01
7.756662543191763515e-01
1.450384124198746738e+00
2.142796606346807131e+00
2.925811040129271401e+00
3.797800545508255077e+00
4.741496039609169877e+00
5.725440907821304215e+00
6.721535630927236937e+00
7.667762672128369594e+00
8.556863972345261971e+00
9.521684347741421917e+00
1.011011728481957839e+01
1.052230984866733721e+01
1.073572195980675659e+01
1.073570891728598298e+01
1.052247757779974080e+01
1.010983169749303379e+01
9.508147171459080838e+00
8.640801827650134825e+00
7.693349707283226202e+00
6.718914433710911460e+00
5.722463600325387922e+00
4.739783039682694543e+00
3.788530729655417151e+00
2.706119481616326539e+00
1.732146758676144316e+00
9.882233655196906996e-01
3.220565684418050245e-01
7.598091389173668164e-02
0.000000000000000000e+00
