0.000000000000000000e+00
4.616688171022715892e-01
1.098679026366745637e+00
1.277410171779734593e+00
1.496420069975040734e+00
1.770354787469790914e+00
2.098501256112780489e+00
2.479002329355268763e+00
2.909938606985279286e+00
3.386383126138138522e+00
3.904027759969542544e+00
4.456862786658196462e+00
5.037439659993227181e+00
5.637115100397950940e+00
6.246125456320307023e+00
6.853707231003150824e+00
7.448319313972267430e+00
8.018703520677288310e+00
8.556530186138212812e+00
9.044712587801182480e+00
9.468032965231387266e+00
9.818584069141234494e+00
1.008974651257489796e+01
1.027454801615775004e+01
1.036815906420171984e+01
1.036810501264121598e+01
1.027438969473172037e+01
1.008947944858832457e+01
9.818202485484276210e+00
9.467529813029960550e+00
9.045747575901287973e+00
8.516464946802472014e+00
8.018113875422828940e+00
7.447664956399799863e+00
6.852983296791573586e+00
6.245338362163244561e+00
5.636275017517188957e+00
5.036550452796466182e+00
4.455939397943241786e+00
3.903083674728045516e+00
3.385432134981936958e+00
2.908704169504808146e+00
2.477793281475317411e+00
2.097349974609695522e+00
1.769064526282231986e+00
1.478513390694618845e+00
8.414741207495765041e-01
3.010902249377886974e-01
6.061725188125648839e-02
0.000000000000000000e+00
