0.000000000000000000e+00
7.657119603480331271e-01
2.066121702642611968e+00
3.023901266710619318e+00
4.035266217510072195e+00
5.045130277677245978e+00
6.107488876770998942e+00
7.231714561831172006e+00
8.338552743537459122e+00
9.342889220411974449e+00
1.013972030060136653e+01
1.064951742727615347e+01
1.082566217450270685e+01
1.064944470973042634e+01
1.013960412553011814e+01
9.342682169481328458e+00
8.323884581898235879e+00
7.231535878630401371e+00
6.077399523353803623e+00
4.501228438733446247e+00
2.989391503490885782e+00
1.384575355848308265e+00
5.748456532795958029e-01
1.316841163701766848e-01
0.000000000000000000e+00
