0.000000000000000000e+00
3.547337052908682703e-02
1.352716787968059609e-01
2.998828296588855191e-01
5.267883213604619419e-01
8.157292750377536095e-01
1.164760743363558282e+00
1.571385317380104896e+00
2.032263596673283601e+00
2.543056175749034420e+00
3.098291981265455686e+00
3.691269063897454572e+00
4.313999408202371377e+00
4.957213465888289150e+00
5.610437547293972926e+00
6.262128376550738729e+00
6.899906757723341499e+00
7.511702692866763620e+00
8.090191504541184742e+00
8.614043511711878764e+00
9.066302044663606452e+00
9.442284398186838956e+00
9.733113021059875081e+00
9.931308495323806440e+00
1.003168967727044603e+01
1.003160251701711658e+01
9.931048745751228424e+00
9.732674342510355459e+00
9.441657664752483470e+00
9.065475716289203234e+00
8.613018952955679097e+00
8.089155880958557532e+00
7.510730561439261876e+00
6.898831845877386293e+00
6.260939176914523507e+00
5.609144482215328686e+00
4.955831271584064446e+00
4.312539718338677552e+00
3.689752969404515692e+00
3.096741003396456193e+00
2.541493828613417882e+00
2.030718068697086043e+00
1.569889663256026857e+00
1.163353365607908474e+00
8.144534691245294278e-01
5.256805954002845560e-01
2.990323004503631088e-01
1.346791245304251594e-01
3.586393090027401032e-02
0.000000000000000000e+00
