0.000000000000000000e+00
5.931904454547014538e-01
1.668183339695443967e+00
2.375125063786671653e+00
3.109314901597145742e+00
3.951992734070863378e+00
4.740989634127752872e+00
5.573887001081961223e+00
6.465211067872438377e+00
7.377167318317344957e+00
8.266360127279360981e+00
9.091050975236663945e+00
9.795016493886555153e+00
1.032837415765979472e+01
1.066332548082717402e+01
1.077761556263943632e+01
1.066326276684367436e+01
1.032826473391620148e+01
9.794833926520526646e+00
9.090766405981765885e+00
8.256693100878759850e+00
7.376941463337836069e+00
6.464968706340704863e+00
5.573594077482427522e+00
4.645563077155984821e+00
3.319572414637867563e+00
2.167112558836291392e+00
9.281599605800016084e-01
3.825207664077752701e-01
8.835315045438320303e-02
0.000000000000000000e+00
