0.000000000000000000e+00
5.421326999759630283e-01
1.521528613004255570e+00
2.141275434644358544e+00
2.779770583940323281e+00
3.515480688772184337e+00
4.278309255892044582e+00
4.993536538240332057e+00
5.774139646165779460e+00
6.595379932415687207e+00
7.427531707799227334e+00
8.237408697689266646e+00
8.994716498806502258e+00
9.655498561910111022e+00
1.017959953261231476e+01
1.054585414903942819e+01
1.073440338796427618e+01
1.073436841516437923e+01
1.054577445148665582e+01
1.017946576651620028e+01
9.655366613467261772e+00
8.994710507501615382e+00
8.228268061447394643e+00
7.427291850488245473e+00
6.595122768201283847e+00
5.773841052051807310e+00
4.993223981310968007e+00
4.089240606274116452e+00
2.902724673144482015e+00
1.888656622563172460e+00
7.918486650376681535e-01
3.220048417541684360e-01
7.466717688456797619e-02
0.000000000000000000e+00
