0.000000000000000000e+00
4.805138472606107491e-01
1.195417219395927155e+00
1.373226303268482607e+00
1.590645354991163218e+00
1.862637838402302348e+00
2.188492951916534146e+00
2.566337988638150325e+00
2.994267533188273767e+00
3.467392059181231723e+00
3.981425716404070947e+00
4.530404760403802022e+00
5.106932442327817512e+00
5.702425602227120471e+00
6.307188902109046147e+00
6.910533656548825121e+00
7.500999282928476397e+00
8.067405511899522708e+00
8.602819556671837731e+00
9.087542134314416487e+00
9.506622742679091687e+00
9.854731056727326077e+00
1.012400449685334181e+01
1.030751950579893794e+01
1.040048035616560895e+01
1.040042957036332183e+01
1.030737130215590369e+01
1.012375456609419544e+01
9.854373949285383461e+00
9.506151859505553858e+00
9.086404729480973330e+00
8.567457839370973716e+00
8.066854134609396709e+00
7.500386906727732672e+00
6.909856165260708671e+00
6.306452314746402443e+00
5.701639681353395162e+00
5.106100148823953688e+00
4.529540506582232062e+00
3.980542200328231139e+00
3.466502080336577141e+00
2.993112097377457204e+00
2.565206334498403073e+00
2.187415395692763997e+00
1.861430416339032945e+00
1.465463001035576029e+00
7.849540952209134170e-01
2.759743987042582170e-01
5.495210204937559656e-02
0.000000000000000000e+00
