0.000000000000000000e+00
4.290032159728299765e-01
1.065969919225429940e+00
1.535673104210726780e+00
1.960780882675402070e+00
2.451894174372347024e+00
2.990732568998373253e+00
3.572586634157353114e+00
4.123339088649757400e+00
4.659887620108684736e+00
5.236939160278949679e+00
5.844763146909499163e+00
6.471939757984783270e+00
7.105475178343779064e+00
7.731045368250863525e+00
8.333959108316101094e+00
8.903792380885436231e+00
9.418440133342503628e+00
9.857301154710031099e+00
1.021335736175321784e+01
1.047617810017563400e+01
1.063736131784300909e+01
1.069166413165084073e+01
1.063731047081795289e+01
1.047608238153330262e+01
1.021321064910950938e+01
9.857099977948548641e+00
9.418229659570741319e+00
8.903689141931829809e+00
8.331623342801213639e+00
7.730769306625866477e+00
7.105169000780945154e+00
6.471611590535634839e+00
5.844409147519106895e+00
5.236563750540232043e+00
4.659506127356852545e+00
4.122954699931441702e+00
3.527118794010707603e+00
2.809101755012772372e+00
1.995824236485886694e+00
1.318446623558942932e+00
6.501781942494401223e-01
1.960178406820584085e-01
4.399612097084890788e-02
0.000000000000000000e+00
