0.000000000000000000e+00
5.306817582535849898e-01
1.471189066889955654e+00
2.066731770506025523e+00
2.678514098136445032e+00
3.384127397074633503e+00
4.138312506682607861e+00
4.819422490140625293e+00
5.566461133578793685e+00
6.357825521846056205e+00
7.167375383523085119e+00
7.965101850863197441e+00
8.721996436249334295e+00
9.405600818394237450e+00
9.970804558099580106e+00
1.039519199323657972e+01
1.065932373339231809e+01
1.074897821614670512e+01
1.065926571741023920e+01
1.039508764258936679e+01
9.970645265923025136e+00
9.405457828160121991e+00
8.721793068150519801e+00
7.963086501580875165e+00
7.167121846843801158e+00
6.357553856747856891e+00
5.566147551174240427e+00
4.819103581286328541e+00
3.924833721640462958e+00
2.784394727711581030e+00
1.810789887735413606e+00
7.593051657143661259e-01
3.033388309592104926e-01
7.276115209437607201e-02
0.000000000000000000e+00
