0.000000000000000000e+00
3.330724609543417869e-01
8.040035448976404764e-01
1.227025105431595708e+00
1.606539571539689959e+00
2.037333818191621848e+00
2.507853924659519507e+00
3.013723600098206390e+00
3.552214724003782020e+00
4.033307088635003979e+00
4.522114879336515791e+00
5.044156704229733279e+00
5.592397342887922562e+00
6.158673021870314734e+00
6.733767479093187625e+00
7.307513114040404822e+00
7.869012293511260303e+00
8.407628256109109799e+00
8.916862347604586958e+00
9.378014679626893724e+00
9.776203247340959024e+00
1.010724689562442968e+01
1.036332432844552720e+01
1.053785242660655719e+01
1.062627164275787628e+01
1.062624325074274623e+01
1.053777558292582484e+01
1.036319546717028572e+01
1.010706274423573170e+01
9.775960387383692662e+00
9.377710332137754179e+00
8.916558475601682687e+00
8.407348736734350680e+00
7.868696504047165696e+00
7.307163692574380143e+00
6.733387673181966626e+00
6.158270524508090205e+00
5.591966514887378281e+00
5.043709655452806473e+00
4.521659014951739053e+00
4.032847852287147816e+00
3.529932950253504842e+00
2.987047146538185149e+00
2.474471717191948805e+00
1.921218233693741784e+00
1.271883618376535852e+00
7.662220180604546460e-01
2.366927485732779612e-01
4.187501436183185127e-02
0.000000000000000000e+00
