0.000000000000000000e+00
4.733006462586173413e-01
1.416817309859887963e+00
1.589726809461655455e+00
1.803589791532062891e+00
2.071185830121969218e+00
2.391838171174387462e+00
2.763681457492288107e+00
3.184816870795979860e+00
3.650439708409068729e+00
4.156314004302818610e+00
4.696580074416859318e+00
5.263958191168477185e+00
5.850000999565594384e+00
6.445167659520404158e+00
7.038938418547736831e+00
7.620034684444736861e+00
8.177452202115356172e+00
8.704479149221207024e+00
9.181740152296947954e+00
9.593819966952832345e+00
9.936408502601103976e+00
1.020141349872327297e+01
1.038202149336035873e+01
1.047351311488985992e+01
1.047346958740022949e+01
1.038189592856480559e+01
1.020120192212249854e+01
9.936106187951333268e+00
9.593421323020089986e+00
9.180860096724950736e+00
8.669931593761850408e+00
8.176986600902225177e+00
7.619516281793969448e+00
7.038364885521334990e+00
6.444544127920267762e+00
5.849336379666419283e+00
5.263253251849868697e+00
4.695848150935345799e+00
4.155566053512235847e+00
3.649686284056059993e+00
3.183838239289350280e+00
2.762722876253056459e+00
2.390925231641309434e+00
2.024320868929239570e+00
1.275480360510838906e+00
6.659757464737995347e-01
2.152226284729814865e-01
4.267665914734154048e-02
0.000000000000000000e+00
