0.000000000000000000e+00
4.779220228825689643e-01
1.181631374056122841e+00
1.359579354524690142e+00
1.577223251867909459e+00
1.849493060576490766e+00
2.175674478995070160e+00
2.553897790752315711e+00
2.982255593890453138e+00
3.455853109388741462e+00
3.970401109662886618e+00
4.519929407828271906e+00
5.097033872950262001e+00
5.693122777514835420e+00
6.298491056919963249e+00
6.902439363676348805e+00
7.493495645052715481e+00
8.060468517371827346e+00
8.596342836497720796e+00
9.081002817638601954e+00
9.501012513885491728e+00
9.849582396477520874e+00
1.011912497371115016e+01
1.030282330113638167e+01
1.039587684115851118e+01
1.039582566946532616e+01
1.030267390186887688e+01
1.011887301828691754e+01
9.849222396612146824e+00
9.500651367822138482e+00
9.080786008426187550e+00
8.560383922555805825e+00
8.059912617872358354e+00
7.492878307905542101e+00
6.901756384239164710e+00
6.297748501205343352e+00
5.692330456351695211e+00
5.096194854078190950e+00
4.519058166193183901e+00
3.969510436308320234e+00
3.454955920932095914e+00
2.981090820281254938e+00
2.552756988865860777e+00
2.174588208621559993e+00
1.848275843393706319e+00
1.469104584101921018e+00
7.910559195463332527e-01
2.784867465148903598e-01
5.561968508600303313e-02
0.000000000000000000e+00
