0.000000000000000000e+00
4.018257611242884164e-01
9.968692218696667551e-01
1.454881322699202340e+00
1.856417540958552159e+00
2.318556072967252746e+00
2.825521251469329531e+00
3.372670511758236067e+00
3.925075253833587130e+00
4.422923912268422519e+00
4.960977157785156244e+00
5.531335093384071477e+00
6.124644141413603471e+00
6.730188049517611404e+00
7.335994605789570855e+00
7.929118703000000323e+00
8.497156003227928522e+00
9.031369374816035744e+00
9.508442631320061622e+00
9.914293041142947516e+00
1.024264677604765161e+01
1.048434356344295537e+01
1.063229547370215222e+01
1.068209337352806720e+01
1.063224638067745254e+01
1.048425082120625618e+01
1.024250486616478639e+01
9.914098856285336936e+00
9.508199874932724782e+00
9.031126373612432090e+00
8.496820945965048111e+00
7.928834094745401018e+00
7.335695423938462412e+00
6.729862564216547938e+00
6.124299553016586906e+00
5.530961809564928444e+00
4.960594025852249622e+00
4.422534578673720240e+00
3.923836603209573060e+00
3.328536951789187626e+00
2.647114119268384691e+00
1.886933165309686355e+00
1.249394960132902410e+00
6.383117797805031302e-01
1.835822279571555082e-01
4.460113368318605748e-02
0.000000000000000000e+00
