0.000000000000000000e+00
8.747747550354608714e-01
2.249757147198698792e+00
3.325492100166360210e+00
4.467250139283812871e+00
5.555665055405624386e+00
6.753025942017075955e+00
7.974014492789072150e+00
9.111800786059578883e+00
1.003730616485094451e+01
1.063679152441089570e+01
1.084516943608800510e+01
1.063671308634732604e+01
1.003728427659170563e+01
9.111977103076293716e+00
7.969860713930817298e+00
6.724080009154176807e+00
5.057465527949364770e+00
3.391200955364837899e+00
1.635538114631227780e+00
6.716165230964841193e-01
1.531995490736742793e-01
0.000000000000000000e+00
