0.000000000000000000e+00
5.659569811933907735e-01
1.551454270563415561e+00
2.196653635783487157e+00
2.864345369715685319e+00
3.633673801749988996e+00
4.406913680573903314e+00
5.159983306071992182e+00
5.977259579721559746e+00
6.830288776701460840e+00
7.685149470933762217e+00
8.505486934483432293e+00
9.256520087070486014e+00
9.886759128998599877e+00
1.036139266338607712e+01
1.065805980325908564e+01
1.075899721623954797e+01
1.065799855471614066e+01
1.036128343586469214e+01
9.886584235793911546e+00
9.256301402348931617e+00
8.504597225734640276e+00
7.684919154801749031e+00
6.830035422115068755e+00
5.976972367025074284e+00
5.159667603627691612e+00
4.270554236586504793e+00
3.026503249469493007e+00
1.973282304761691419e+00
8.475644578877244983e-01
3.356383018872566293e-01
7.943239310383153062e-02
0.000000000000000000e+00
