0.000000000000000000e+00
4.921269378418702267e-01
1.308821868088985152e+00
1.827524468333110441e+00
2.347871673569255524e+00
2.949269321581220904e+00
3.611084043708381319e+00
4.255025525267098985e+00
4.881348871206039775e+00
5.558316794778091818e+00
6.270017935553191535e+00
6.997624557620112817e+00
7.719713869909981874e+00
8.413840866567259269e+00
9.061359588879907889e+00
9.630103228849183239e+00
1.009364795504475332e+01
1.043924054571650828e+01
1.065277521074923328e+01
1.072498851488530747e+01
1.065272066671661122e+01
1.043914023713826111e+01
1.009349321142351030e+01
9.629879935587240425e+00
9.061099208213040157e+00
8.411324158886452906e+00
7.719462954354622930e+00
6.997344487380148692e+00
6.269718873006115523e+00
5.557981697246954234e+00
4.881006293376959349e+00
4.254679970448776771e+00
3.366418040030492609e+00
2.389048005337070624e+00
1.554227626410456198e+00
6.702374971999303099e-01
2.466896984238177992e-01
5.685171839315310977e-02
0.000000000000000000e+00
