0.000000000000000000e+00
2.880998399556902179e-01
6.767875952431600117e-01
1.092192628212515393e+00
1.480237404970174975e+00
1.917953699881625118e+00
2.394692896092707635e+00
2.906337179918510039e+00
3.450382341018808585e+00
3.933581178543386514e+00
4.426834372809873130e+00
4.953623056910710254e+00
5.506848406977773891e+00
6.078272925750507483e+00
6.658595412334985753e+00
7.237556881014230115e+00
7.804160387626769335e+00
8.347673685754047668e+00
8.861542643998904012e+00
9.326891029349512863e+00
9.728697637264032139e+00
1.006274803523421824e+01
1.032115047825948295e+01
1.049726182351640702e+01
1.058648085328627886e+01
1.058644823668314139e+01
1.049717101187418500e+01
1.032099786286923937e+01
1.006252995207351830e+01
9.728410045113815130e+00
9.326531785098506333e+00
8.861182624770320260e+00
8.347340469160565490e+00
7.803786424924817666e+00
7.237143121932831491e+00
6.658145638896904472e+00
6.077795034094469528e+00
5.506338994719222946e+00
4.953094326772552236e+00
4.426294701752016891e+00
3.933037540450390779e+00
3.429588144092196256e+00
2.884087261393602830e+00
2.370720215407212006e+00
1.890897913080063608e+00
1.416010236861138250e+00
8.617320002620154629e-01
4.186029331446364798e-01
4.718838961729950737e-02
0.000000000000000000e+00
