0.000000000000000000e+00
1.331051492625080768e-01
5.239500959164360427e-01
1.001504029259900230e+00
1.524113217154468902e+00
2.132048708434719941e+00
2.807399145657090145e+00
3.543853683204166938e+00
4.325485715555614341e+00
5.144119370212867359e+00
5.984189378064586506e+00
6.820788589973621363e+00
7.559582833069609542e+00
7.864670919895718981e+00
9.209478199922392250e+00
9.846521441241531392e+00
1.021638726173576295e+01
1.045875060208713947e+01
1.069415684861534999e+01
1.071865186705617212e+01
1.056754942742943548e+01
1.025773440697829919e+01
9.804790838637547523e+00
9.201031191353731487e+00
8.431532955824094344e+00
7.638759759428837448e+00
6.819958787831954972e+00
5.979918548846567816e+00
5.138887308180622782e+00
4.320158619847833670e+00
3.536486174380279568e+00
2.776095046123569166e+00
2.019846800429043743e+00
1.276366664167465581e+00
7.053270376991850332e-01
2.420231251453100196e-01
5.423554656758095005e-02
0.000000000000000000e+00
