0.000000000000000000e+00
4.627685531334922997e-01
1.245014913493251774e+00
2.104621113680518629e+00
2.967742583521993716e+00
3.953393636165286829e+00
5.047611416999258083e+00
6.196871222398923962e+00
7.280700431371245784e+00
7.633131399885872526e+00
9.528703744804472464e+00
1.028895008891599083e+01
1.055541345533267261e+01
1.081697325464130799e+01
1.067542466564819570e+01
1.021568984471155517e+01
9.469154600170567093e+00
8.455996348592613288e+00
7.346178054708939698e+00
6.192304377380423830e+00
4.873926781518047591e+00
3.451159183439850953e+00
2.230684557675431723e+00
1.252767473790705743e+00
4.998175557391149604e-01
1.051283695679705588e-01
0.000000000000000000e+00
