0.000000000000000000e+00
2.546182209696702392e-01
5.557660495825492708e-01
9.444961395628245215e-01
1.332186268570091814e+00
1.774099276182382612e+00
2.256336166702059831e+00
2.773765497689648196e+00
3.323848129000551044e+00
3.810927377097325763e+00
4.309647914701028704e+00
4.842274849122560454e+00
5.401631019260626942e+00
5.979388070502213992e+00
6.566140842191177995e+00
7.151517514132115672e+00
7.724399103464937966e+00
8.273935607105329382e+00
8.793504506033215762e+00
9.264013334212609863e+00
9.670270158280672490e+00
1.000801911825887025e+01
1.026928164901297968e+01
1.044734081979958873e+01
1.053754421686481280e+01
1.053750685313039881e+01
1.044723473110892620e+01
1.026910309752666173e+01
1.000776398353629482e+01
9.669933717449548993e+00
9.263593985116472140e+00
8.793083196350073294e+00
8.273544045676201719e+00
7.723961609089694313e+00
7.151033481733839459e+00
6.565614644587594917e+00
5.978827987104797792e+00
5.401035652634100792e+00
4.841656789114130888e+00
4.309016652533435909e+00
3.810291488386066128e+00
3.300517638610999782e+00
2.749422125691333818e+00
2.231140323967418126e+00
1.747530359512192932e+00
1.301566743032764872e+00
8.934750889124217776e-01
4.598784724982089012e-01
1.441787541704143416e-01
0.000000000000000000e+00
