0.000000000000000000e+00
8.191456011929197922e-01
2.155956595811192589e+00
3.168820559690259220e+00
4.242025515723502060e+00
5.288221021222033968e+00
6.416488952363384790e+00
7.590586907662729921e+00
8.718936195406744361e+00
9.697362895510384107e+00
1.041063490124944657e+01
1.078745955152032820e+01
1.078740838881665809e+01
1.041054697500763204e+01
9.697313766761316955e+00
8.717053229416013238e+00
7.590416913413521094e+00
6.389792869513155615e+00
4.767673155310682809e+00
3.177790119240936129e+00
1.503826339009750601e+00
6.183416091351444654e-01
1.454026772305488380e-01
0.000000000000000000e+00
