0.000000000000000000e+00
7.158281967480188968e-01
1.846615180694416880e+00
3.011076899482694635e+00
4.273106243696191520e+00
5.702772464331574476e+00
7.118709211233320566e+00
8.351550297859780869e+00
9.936228129579051327e+00
1.055827545339195339e+01
1.087571445591854591e+01
1.062696049428159562e+01
9.861161023877718534e+00
8.564512278678797941e+00
6.917231482572797852e+00
5.129823751862634396e+00
3.422780035094136419e+00
1.971496973183081147e+00
7.468657495362542864e-01
1.752410211622580649e-01
0.000000000000000000e+00
