0.000000000000000000e+00
5.325397472533807131e-01
1.471647890625922939e+00
2.067085757618456032e+00
2.678753316970259757e+00
3.384333531180686361e+00
4.138313218830053763e+00
4.819423174462261983e+00
5.566461759696474054e+00
6.357826118780470104e+00
7.167375892957593031e+00
7.965102282378889953e+00
8.721996929936050691e+00
9.405601336935911050e+00
9.970804901169573853e+00
1.039519223218403887e+01
1.065932386911167562e+01
1.074897827557110297e+01
1.065926570209912505e+01
1.039508752886322895e+01
9.970645056327970934e+00
9.405457439033240163e+00
8.721813218172357551e+00
7.963186522872859996e+00
7.167121496717240525e+00
6.357553476516192958e+00
5.566147201211847140e+00
4.819103229714609249e+00
3.926975942677313647e+00
2.784985395675332764e+00
1.811346426431375223e+00
7.623503895864055524e-01
3.029358166669282038e-01
7.284900259694605806e-02
0.000000000000000000e+00
