0.000000000000000000e+00
2.921463712753392672e-01
5.893160140065324404e-01
7.742117411336941757e-01
1.001395959967667837e+00
1.285398821988499973e+00
1.625587983326870267e+00
2.020046140099030829e+00
2.466782744443188680e+00
2.960675834531601769e+00
3.497296302020759029e+00
4.070394849053375452e+00
4.672250627159486136e+00
5.293904264120374847e+00
5.925233524473576985e+00
6.555081408810463195e+00
7.171483709446852650e+00
7.762772475319536625e+00
8.321853745209871533e+00
8.828135178973630204e+00
9.265241515458068733e+00
9.628630337516545623e+00
9.909720321008666843e+00
1.010128318551335624e+01
1.019831190931269482e+01
1.019824138899314114e+01
1.010107423710493357e+01
9.909367574561548153e+00
9.628126353508564605e+00
9.264576999355632836e+00
8.827310726041210032e+00
8.321021008452094136e+00
7.761991739404210833e+00
7.170619390004192795e+00
6.554125193564102503e+00
5.924193826760556725e+00
5.292793461738718008e+00
4.671076661218835469e+00
4.069175603245398953e+00
3.496049249835068373e+00
2.959419652651635868e+00
2.465153611074503370e+00
2.018450435350129357e+00
1.624068383659286630e+00
1.283695601631614114e+00
9.995846288359396814e-01
7.724634171840596419e-01
4.290258328442299596e-01
9.635787209447133073e-02
0.000000000000000000e+00
