0.000000000000000000e+00
4.316005801637860517e-01
9.458144213153044655e-01
1.125545064487667002e+00
1.347053336923411448e+00
1.624025647169961450e+00
1.955805736385245908e+00
2.340518331588984147e+00
2.776222224793959192e+00
3.257931259861473805e+00
3.781301634731296879e+00
4.340250907219681764e+00
4.927248387198578605e+00
5.533555446140146827e+00
6.149300170576126767e+00
6.763600388879403624e+00
7.364787314077009484e+00
7.941479185057623624e+00
8.486746942932379412e+00
8.980522190618504652e+00
9.406843039299225495e+00
9.761267583455131458e+00
1.003542535538048597e+01
1.022226682242251883e+01
1.031690889773007136e+01
1.031684967986791968e+01
1.022209255756145119e+01
1.003513130068976622e+01
9.760847441903747423e+00
9.406289053912955112e+00
8.978769525444997512e+00
8.478584871401260159e+00
7.938799002426783602e+00
7.364066819153460841e+00
6.762803287705247968e+00
6.148433507574475598e+00
5.532630062063432774e+00
4.926269500000238111e+00
4.339234340911904297e+00
3.780262122383909240e+00
3.256884142308088315e+00
2.774863388367976302e+00
2.339187418008718655e+00
1.954538368092454403e+00
1.622605094179353502e+00
1.345534120098929032e+00
9.223884512134746805e-01
3.378995481419191371e-01
7.398097879054361947e-02
0.000000000000000000e+00
