0.000000000000000000e+00
3.144722311998905395e-01
1.448686764646455183e+00
1.772687461460742187e+00
2.080099446711547007e+00
2.459837931002518463e+00
2.908554132755968968e+00
3.420902644429565598e+00
3.990626242505681098e+00
4.609816085575174860e+00
5.267953661771322516e+00
5.952407284014065603e+00
6.648811042041736563e+00
7.340889033544586439e+00
8.011981469237737130e+00
8.662749321251640211e+00
9.267580370161134340e+00
9.763274547406183501e+00
1.016146281702767951e+01
1.045625445694320454e+01
1.063739325366196731e+01
1.069838724035898103e+01
1.063706835966421771e+01
1.045565864792035171e+01
1.016054855680551938e+01
9.762022192985952529e+00
9.266434017211318874e+00
8.660250369669959980e+00
8.009203515400249884e+00
7.338792723265648021e+00
6.646478391664043528e+00
5.949902199376126966e+00
5.265193268204719779e+00
4.606984442834818338e+00
3.987771826604675329e+00
3.404111135029165514e+00
2.530108635974912534e+00
1.718862570612398999e+00
1.042445118256172920e+00
5.402827251188871971e-01
2.141128540605970187e-01
7.833090355056988863e-02
0.000000000000000000e+00
