0.000000000000000000e+00
3.716032152691344792e-01
7.754208288339399235e-01
9.579539343488095993e-01
1.182215039282529245e+00
1.462539476854006981e+00
1.798329417522041895e+00
2.187689426109394653e+00
2.628654623337607354e+00
3.116174193884151844e+00
3.645863345449452009e+00
4.211560227176737392e+00
4.805643460325002003e+00
5.419269145736123505e+00
6.042445978352147584e+00
6.664160732724318414e+00
7.272603735008997816e+00
7.856256718892796087e+00
8.408111773812443346e+00
8.907850942545861628e+00
9.339315374409222770e+00
9.698015006019163664e+00
9.975478801996723988e+00
1.016457199166129577e+01
1.026035238931174298e+01
1.026028796601935866e+01
1.016438173092287123e+01
9.975157676126981343e+00
9.697556192231143513e+00
9.338710406126084607e+00
8.905232290093142211e+00
8.405208729008730728e+00
7.855546463848154026e+00
7.271816903226688389e+00
6.663290243001441127e+00
6.041499506105947326e+00
5.418258231519724077e+00
4.804574603056209092e+00
4.210450184654666472e+00
3.644728111742802756e+00
3.115030652418688817e+00
2.627171076620755663e+00
2.186236342705428104e+00
1.796945674479682564e+00
1.460988445591370422e+00
1.179908284850801126e+00
9.265807315276848311e-01
3.704668692135143493e-01
8.643099517793630115e-02
0.000000000000000000e+00
