0.000000000000000000e+00
7.196112639646476961e-01
2.007830857011147163e+00
2.914382782562120244e+00
3.867878669756845245e+00
4.845544974170723940e+00
5.843547381205442370e+00
6.914395907042075073e+00
7.990357576318329436e+00
8.998069902208110094e+00
9.851084138294323722e+00
1.046278471228147033e+01
1.078365621227192328e+01
1.078361025962000141e+01
1.046269860126893292e+01
9.850863946790443748e+00
8.997689114034384872e+00
7.986051983528207110e+00
6.914212864920765256e+00
5.785372251900666285e+00
4.258797704375251847e+00
2.816682414525694789e+00
1.275337294152883549e+00
5.379067099117479378e-01
1.233581817177486356e-01
0.000000000000000000e+00
