0.000000000000000000e+00
8.992662868947509658e-01
2.359696913817434183e+00
3.502900798168754104e+00
4.700745459167023022e+00
5.862038157117413384e+00
7.129038936047819242e+00
8.389074359079570442e+00
9.513840717113364320e+00
1.035417278015257736e+01
1.080186552082913742e+01
1.080180899644055437e+01
1.035406858249691631e+01
9.513654146927143174e+00
8.374045100470723924e+00
7.044454613472097115e+00
5.350951363488062107e+00
3.609731736082179676e+00
1.748237087709021420e+00
7.439710552976784852e-01
1.664043274037239895e-01
0.000000000000000000e+00
