0.000000000000000000e+00
5.878294374817919499e-01
1.667206122214291764e+00
2.374293776896927888e+00
3.108762206007706030e+00
3.951495190441249417e+00
4.740987982244236676e+00
5.573885490332565418e+00
6.465209595883168348e+00
7.377166084497935650e+00
8.266359215664596860e+00
9.091050328773182088e+00
9.795015587580586214e+00
1.032837345087646774e+01
1.066332506642705980e+01
1.077761534682528755e+01
1.066326274178538824e+01
1.032826497763670659e+01
9.794834343289890555e+00
9.090766638110038045e+00
8.255667114404033669e+00
7.376942202529066073e+00
6.464969543990494394e+00
5.573594813089472133e+00
4.641016340752456060e+00
3.318529046982984454e+00
2.166230405284343963e+00
9.223921288065850543e-01
3.835016436144308427e-01
8.842525731140440937e-02
0.000000000000000000e+00
