0.000000000000000000e+00
4.048297449823113348e-01
9.847742553884498706e-01
1.440155764938858551e+00
1.842879747586922967e+00
2.305852413320563343e+00
2.813597595934211437e+00
3.361441445150830987e+00
3.913993221692897428e+00
4.412340098601593930e+00
4.950931743049315159e+00
5.521860356037540107e+00
6.115763094479947704e+00
6.721912841466703092e+00
7.328325503247714146e+00
7.922043008884230630e+00
8.490648682419392301e+00
9.025397001602515346e+00
9.502947638656172202e+00
9.909203929926121646e+00
1.023788601725447478e+01
1.047982444074310315e+01
1.062792415328647522e+01
1.067777165498538317e+01
1.062787452988316161e+01
1.047973056059496066e+01
1.023774236777497748e+01
9.909007367209508033e+00
9.502701794370615573e+00
9.025150573831039580e+00
8.490241776490764281e+00
7.921770697512396708e+00
7.328022662306925561e+00
6.721583357219772736e+00
6.115414182319515390e+00
5.521482617893604505e+00
4.950543962566603007e+00
4.411946023641275971e+00
3.913599297175271552e+00
3.319500127549506185e+00
2.664507173290836750e+00
1.903378748047325653e+00
1.261652341668432431e+00
6.595640301251809445e-01
1.822255377903044260e-01
4.496903447367511103e-02
0.000000000000000000e+00
