0.000000000000000000e+00
9.106315825820732179e-01
2.359983017672263372e+00
3.503304472743173026e+00
4.699794456990899150e+00
5.861194895310730679e+00
7.128313203601069681e+00
8.388464792188136343e+00
9.513334748345014802e+00
1.035374448852814488e+01
1.080147795398354660e+01
1.080142125501904005e+01
1.035363879768390483e+01
9.513146392180368949e+00
8.374228246815953014e+00
7.054214438508421559e+00
5.348671738312312129e+00
3.612267543343506748e+00
1.756787038164023151e+00
7.396734431475834315e-01
1.659250915015669237e-01
0.000000000000000000e+00
