0.000000000000000000e+00
8.959845756010255124e-01
2.370599715885196357e+00
3.512757876915979960e+00
4.710360096220971293e+00
5.870568428945635020e+00
7.136386146090329952e+00
8.395245383380471438e+00
9.518961875474232670e+00
1.035850942126167062e+01
1.080578454360870211e+01
1.080572815632557493e+01
1.035840607788367507e+01
9.518776378406334615e+00
8.379854012975419764e+00
7.039706183665146000e+00
5.349524534507325235e+00
3.608366713582662033e+00
1.745799548485160946e+00
7.467742056278618978e-01
1.664947526627438279e-01
0.000000000000000000e+00
