0.000000000000000000e+00
4.746981255690420620e-01
1.235927149517741741e+00
1.731213332416267736e+00
2.214993217983454610e+00
2.774671943581205280e+00
3.390384747513159880e+00
4.027675461645243260e+00
4.602465380643320891e+00
5.228059154985880141e+00
5.891910830888237527e+00
6.579008969188924638e+00
7.272056835856078649e+00
7.951889915444967372e+00
8.600345407657249197e+00
9.200517251723050904e+00
9.719865726782632720e+00
1.014244231551086628e+01
1.045645401102738958e+01
1.064992068127737390e+01
1.071525265914486980e+01
1.064986787794195244e+01
1.045635615654398265e+01
1.014229170500733979e+01
9.719663384037351861e+00
9.200320349008350718e+00
8.600139126357742470e+00
7.951045898222435682e+00
7.271778925550002270e+00
6.578709280941647641e+00
5.891583611250847952e+00
5.227709065930623566e+00
4.602111238053783637e+00
3.999567115159959219e+00
3.144464610021865170e+00
2.229608657564550622e+00
1.456065046178350864e+00
6.412743548892405610e-01
2.264192448873264818e-01
5.265612340092101079e-02
0.000000000000000000e+00
