0.000000000000000000e+00
4.615783288888503089e-01
1.194905056464533821e+00
1.685895815098964245e+00
2.153148701160793710e+00
2.693986506897086741e+00
3.288688175678674774e+00
3.924012052913212756e+00
4.475121711441131467e+00
5.076700153230076396e+00
5.717575458584626347e+00
6.384307909985498242e+00
7.061343328003775177e+00
7.731283388394151856e+00
8.376040113883403748e+00
8.981689214238713248e+00
9.522204506571576133e+00
9.973984364944328718e+00
1.032757819166182500e+01
1.057085881669352823e+01
1.069481688929566587e+01
1.069478760204609102e+01
1.057078554346229460e+01
1.032745542158860630e+01
9.973807554854115409e+00
9.521971441644259571e+00
8.981418737063528113e+00
8.375025942826223257e+00
7.731021849984475836e+00
7.061051917726055116e+00
6.383997315692138130e+00
5.717233037792405881e+00
5.076343438892602755e+00
4.474760139138295401e+00
3.876976800591816374e+00
3.047681919930106176e+00
2.161980164241906976e+00
1.413588972862004800e+00
6.350298714794416766e-01
2.147993472662753367e-01
5.045229356782471308e-02
0.000000000000000000e+00
