0.000000000000000000e+00
3.279435951118376824e-01
7.793213271028879285e-01
1.197536865823682017e+00
1.578615661203075504e+00
2.010890413288758616e+00
2.482774863567452250e+00
2.989894049325272363e+00
3.529604244477213548e+00
4.010882204672668649e+00
4.500689635324991222e+00
5.023798849111248188e+00
5.573160346573947876e+00
6.140593811898632737e+00
6.716863793167303420e+00
7.291782221138459974e+00
7.854429113002874274e+00
8.394146307687661235e+00
8.904422796161187037e+00
9.366518783302732132e+00
9.765520799550094111e+00
1.009724039812610918e+01
1.035384048049463779e+01
1.052872442163031330e+01
1.061732329183504575e+01
1.061729378639313204e+01
1.052864384426549016e+01
1.035370526417508152e+01
1.009704716927236312e+01
9.765265973376632047e+00
9.366199770162589644e+00
8.904103901353957795e+00
8.393852386870705118e+00
7.854097762112260739e+00
7.291415590538748326e+00
6.716465272516771279e+00
6.140171128361473940e+00
5.572708514044608208e+00
5.023329966572661398e+00
4.500211361269676580e+00
4.010400400751685801e+00
3.507910806925467195e+00
2.964675364565138249e+00
2.452287542278548838e+00
1.949381889143438906e+00
1.292703243479801367e+00
7.929064469480980870e-01
2.744846790133080305e-01
4.355590403449238757e-02
0.000000000000000000e+00
