0.000000000000000000e+00
4.896095125387146529e-01
1.305706801347811918e+00
1.481429256463810962e+00
1.697070729160138125e+00
1.966867086961353150e+00
2.290129395041254678e+00
2.664975002919969249e+00
3.089508872021222263e+00
3.558883361507651166e+00
4.068838822804493383e+00
4.613462894531470404e+00
5.185417346239421299e+00
5.776186932053406942e+00
6.376153469504378002e+00
6.974712777591117074e+00
7.560495225258163643e+00
8.122408620675264146e+00
8.653690796189287937e+00
9.134804143961460454e+00
9.550205548877807260e+00
9.895554610883197100e+00
1.016269424056395465e+01
1.034475589500412873e+01
1.043698199424668438e+01
1.043693444124290082e+01
1.034461773438563625e+01
1.016246131976985190e+01
9.895221803849972630e+00
9.549766703421788350e+00
9.133728206808157779e+00
8.623836038852218167e+00
8.121895255640163569e+00
7.559924527074548095e+00
6.974081393125025841e+00
6.375467023459391314e+00
5.775454792522237035e+00
5.184641546518243160e+00
4.612657340183243804e+00
4.068015434315332968e+00
3.558053949520559200e+00
3.088431900966893906e+00
2.663920217440698401e+00
2.289125065528783143e+00
1.965734995305343125e+00
1.402023615011984692e+00
7.390650821604188847e-01
2.521482370612204149e-01
4.880342217800385379e-02
0.000000000000000000e+00
