0.000000000000000000e+00
4.386199335012933020e-01
1.001717261715102003e+00
1.180937170760593125e+00
1.401559796661138391e+00
1.677423657046734462e+00
2.007877800064991725e+00
2.391053587651248868e+00
2.825017717272001239e+00
3.304805541051165640e+00
3.826086501336357859e+00
4.382804575026087335e+00
4.967459052745134329e+00
5.571346106669525788e+00
6.184633318622333675e+00
6.796481835232549784e+00
7.395269458939760732e+00
7.969659541846445094e+00
8.509762320437861405e+00
9.003618111218555597e+00
9.429172232970042700e+00
9.782183231131867274e+00
1.005524789445026279e+01
1.024134487887869227e+01
1.033561064361489734e+01
1.033555324014501764e+01
1.024117620429985109e+01
1.005496330248226755e+01
9.781776607599750761e+00
9.428636069085699845e+00
9.003886319184553955e+00
8.463778056255987892e+00
7.969030769708557393e+00
7.394572151522754488e+00
6.795710386233398737e+00
6.183794552201759664e+00
5.570450625114876431e+00
4.966511609577804798e+00
4.381820678719628326e+00
3.825080446180585181e+00
3.303792126002163876e+00
2.823702487176400044e+00
2.389765392248091036e+00
2.006651123940200954e+00
1.676048757707612191e+00
1.399825618198741184e+00
9.052869071296444359e-01
3.271969677981690916e-01
6.737108129970648118e-02
0.000000000000000000e+00
