0.000000000000000000e+00
2.546208011530087800e-01
5.558909425846795260e-01
9.446410123141195658e-01
1.332336546566308622e+00
1.774251115580235849e+00
2.256485203473513668e+00
2.773910716867655779e+00
3.323987942908893434e+00
3.811053077335897932e+00
4.309768014960180693e+00
4.842388963172902017e+00
5.401738843719217087e+00
5.979489398320773752e+00
6.566235566863333872e+00
7.151605650944159009e+00
7.724480791738908003e+00
8.274011115949505779e+00
8.793574209392323482e+00
9.264077771227363201e+00
9.670330009158030649e+00
1.000807514809752163e+01
1.026933471682395904e+01
1.044739185898428424e+01
1.053759421177974609e+01
1.053755681776239506e+01
1.044728567261517505e+01
1.026915599948276991e+01
1.000781977644018639e+01
9.669993255953803768e+00
9.263658037863729433e+00
8.793152507761135439e+00
8.273619181247289234e+00
7.724042891070786787e+00
7.151121169128517252e+00
6.565708880487849619e+00
5.978928789157352597e+00
5.401142927392410975e+00
4.841770331849812870e+00
4.309136166962058923e+00
3.810416598562413437e+00
3.300641503229373441e+00
2.749554651634304570e+00
2.231283164149897580e+00
1.747691488196655873e+00
1.301763110968856108e+00
8.937847817723570953e-01
4.601307230212046684e-01
1.449187399821251498e-01
0.000000000000000000e+00
